  -17.6141    -1.3172   -13.1766     2.4250    -9.2078   -12.6766    -7.1922   -18.1453     -.5594    -7.4578     4.6027    -1.9031   -10.5203    -1.6297     -.7156     7.4367     8.0969     3.4875     8.8390     3.8488    16.8078
   -3.0197     3.4413    -8.0197      .1756    -9.5197      .6678     2.7733    -7.0040     2.3319    -5.6134     2.4217    -1.9416    -1.8634    10.6366     4.7499    12.6756    12.8944    17.3866    21.4647    15.8085    35.4647
    3.6312     -.9782      .7093     -.3767    -3.9001     2.7054    -1.7282      .0687     8.1370      .0062     2.8851     9.6741     2.7952    24.2093    11.2796    21.8343    20.6155    21.2405    34.4905    21.2405    42.9280
    5.8761    -5.0213    -1.3729    -3.8807     -.0526      .3224     8.3888     2.9630    15.2599    11.1505    13.6349    20.1505     8.8263    28.1037    14.3849     6.4962    27.2912    18.1818    28.4787    23.1662    29.3849
    4.2438     5.8014     4.6598     4.2574     6.3502     -.7240    16.4869     2.6900     2.0104    12.1275     6.1901    19.7525    14.9088    24.9713    14.4557     6.6549    24.5025    19.2994    25.3150    14.2682    25.7525
   -5.3673    -1.7345     9.5780     3.1825    13.6327     6.8710    21.5233     6.8671      .9178    11.7577     9.5311    15.2577    11.5624    17.0858    19.1639    13.5389    18.6796     8.3046    17.4764     7.2108   -10.1772
    1.9699    -3.6805     2.2414      .5812     4.8293     7.7570    12.9836     6.1086     8.3273    15.5461    11.7023    16.6554     3.4865    20.4211     9.9523    13.3586    -6.1770     6.3308    -5.3645    10.1121    -1.2942
     .8945    -2.0312     8.3984     3.2842     4.6504     3.7734    16.9609    11.6797     9.6172     8.2109     5.6602    13.8203     9.8948    -1.4099     6.5901     6.3752    -3.1209     5.0549    -2.7146    12.9807    -1.7381
    -.4792     7.2552     7.0208     5.9505     8.9349     -.2136    19.4896     3.2386     4.5110     2.0364     6.9153    -2.6003     9.8684    -3.3894     5.9192     2.4993    -1.7332     2.2307    -4.1082     6.4348     -.8308
    4.5254     5.8652     1.8349     1.5058    16.0722    10.1211     -.9922     7.5274     3.8282     -.3437     5.4493    -2.7461     7.7383    -2.0312     6.7383     -.6211    -3.1054     -.8515    -4.8711    -1.9531    -2.0586
    1.0067     1.3477     1.7601     4.8606    -2.4011     5.3372    -4.0534     8.7591      .0716    -2.9753     1.4725    -6.3972     5.6419    -2.6159      .2474    -3.4831    -2.4245    -1.1081     -.3308    -5.8347      .0052
   10.2263      .2449    -1.3323     3.9216    -4.3518     6.0857    -2.9846     5.9763    -1.6370    -4.7971     -.0500    -3.8284    -1.8010    -1.5315    -4.5237    -7.5393     2.7634    -3.8987     2.2205    -4.2190     4.1365
    8.0042    -1.0876    -3.4333     2.2445    -5.1833     4.9964    -2.2536    -2.0661    -4.2614    -3.1286    -1.2888      .9024    -5.3552      .9774    -5.6989    -4.2223     -.9040    -6.9880     2.7308    -3.2106     8.7464
    3.9595    -1.9546    -3.9819     1.3931    -1.6694    -2.2163     -.2007    -4.2475    -4.6069      .6582    -4.2397     1.4947    -4.3647     3.2564    -2.5171    -2.8374      .8663     -.3276    -1.6421     1.2925     9.3931
   -4.4064    -3.6564    -3.7892     -.3224      .0243    -4.5783      .9808    -5.4533     -.6115    -1.4533    -4.8986     -.3322    -2.8439     8.6249      .4095    -3.5939     4.4256     -.4025     6.9842      .5585    11.2811
   -1.5752    -2.4737     -.4932    -3.3643     -.1699    -4.9229     1.4384    -2.7276    -3.2393     1.7295      .6518    -3.2979     2.3799     7.0224     3.1982      .3716     3.5146     -.1553    10.3349     1.8154    13.4599
 
  -23.6141     -.3797    -9.8016      .5969   -10.5828    -6.6610    -7.0985   -16.1141    -3.8485    -9.1453     3.7980    -2.9891    -4.4422    -2.8797   -11.0516     9.8937     5.7037     7.4074     7.8429     5.0060    15.9640
   -2.7072      .4335   -10.3165     3.9881    -7.8009     1.1522     -.4259    -8.1603     2.2303    -5.0822      .9647    -2.2541      .8397     7.8143     4.6092    14.8553     5.1756    19.9335    20.7147    17.0585    31.8397
    3.4397    -1.3063     1.6468      .3108    -1.3454      .7093    -2.4157     8.0706    12.3265     5.3167     4.9378     8.8616     3.4905    22.6155     6.0237    19.8968    15.0999    25.1468    31.1468    21.7562    39.3030
    6.3458      .4708     3.5177    -1.4510    -1.0682    -4.4745     5.1314     3.9552    15.7130    10.6037    15.1662    16.1818    11.6974    26.7599    13.1818     3.8419    24.0099    10.6896    34.6662    22.6974    33.3224
   -2.5756     9.1666     3.5475     6.6295     6.9029     2.2721    14.7838      .5182     2.5885    10.2369     2.7916    19.2525    15.0650    15.5650    13.2057     6.7526    28.4400    21.4088    25.2838    13.9557    25.2838
   -7.4298    -3.0704     4.7772      .0389    11.6014     6.5272    18.3358     7.5819     2.8378     8.2421     4.9257    17.9452    12.8046    16.6796    17.0702    11.3983    17.6014    11.1327    14.1796     3.7203    -6.7553
     .9425    -3.2508     4.1593      .3312     5.2023     7.5148     6.3507     6.1359     6.8351    17.8742    16.0773    15.6554     3.2389    18.4054     9.8117    10.9211    -4.1457     5.5535    -6.1457     9.4011    -1.3410
    -.5469     -.6601     4.7266     6.1758     5.1992     3.9961    14.1797    10.7813     7.2891     5.3008    10.8438    11.1172    10.3010    -1.7068    10.3323     6.4143    -1.6599     3.6457    -4.5193    10.4260     1.1037
     .4192     5.2552     8.5911     9.4583     8.0677     2.1390    17.6302     5.2083     2.3879     5.5754     5.7043    -2.4441     8.6809     -.7214     9.8606      .6106      .2278      .4036    -5.4753     4.7356    -2.8191
    4.9355     3.9297      .6640     3.3652    10.9004     9.3477     -.0508     8.9805     1.4312     3.4434     4.9883    -2.3789     6.4727    -1.6445     8.4258    -2.5742    -2.0625     -.8867    -2.5273    -1.5586    -1.4765
    3.4393      .0462     5.7903     4.2161    -2.8425     5.4153    -3.1394    10.0091    -1.4597      .3245     -.0847    -4.4206     2.0179    -4.6237     1.4539    -4.6472    -3.7722    -1.5886      .1458    -2.6003     -.0280
    8.2420     -.7874     2.3494     3.0115    -3.8205     5.3357    -4.5393     9.9763    -3.4377    -3.6565      .3665    -2.5549      .3523    -2.9846    -5.0393    -6.5237     -.8401    -5.7034     1.7761    -4.5471      .6487
    6.4339    -2.3083     -.9606      .5279    -5.1755     2.8480    -2.6559     -.3473    -4.4645    -3.6442    -2.4098      .3465    -4.4098     1.0584    -6.2848    -3.4958    -1.0641    -4.0505     1.2777    -6.5427      .1947
    8.7212    -3.1929    -3.4819     -.1987    -2.7397     -.8139     -.6343    -6.0054    -4.4272    -2.3257    -5.2397     1.2798    -6.9272     -.2573    -1.2475    -1.5991     2.5728      .0571     1.3765     1.6460     9.5181
   -3.1447    -3.9845    -4.0236    -2.4572     -.6369    -3.3908      .1571    -4.5236     -.7482    -1.5158    -1.7541     -.0021    -4.9298      .0467     -.8380    -3.1173     4.6678      .0448     7.7655      .6031    10.3905
   -5.1807    -3.0596    -3.6729    -1.6846     1.0879    -6.0557    -2.2080    -1.7705    -1.8369     3.4209     -.3594     1.7666     2.5654     8.9912     1.6611    -1.4619     2.0635     1.0781     7.8818     1.4326    15.7099
 
  -26.2078   -14.0516   -14.3953     -.5906   -12.3016    -8.2078    -7.6297   -10.2391     -.0516   -13.3016     3.7023    -2.6922      .6828    -2.6297   -10.6453    10.3547    -4.8641     8.9406     6.2599     3.5578    14.9172
   -3.6916    -8.6603    -5.0353    -2.3478    -6.0509     1.8553    -3.1447    -1.2931     3.2889    -4.6603     4.0194    -4.1759     4.2928     4.7460     3.4881    18.6991     7.3182    17.3241    21.7616    19.8085    29.4647
   -1.2517     -.2595     2.6585    -2.0720     1.2718    -3.5876    -1.8688     -.3923    13.6390     3.2366     9.0218     6.3770     5.7874    21.1155     4.8206    18.5999    16.4437    24.6780    28.1155    25.4593    37.3655
    7.7326     2.1623     6.3244      .3146     -.5995    -1.7088     1.5373    -2.1854    14.5568     9.3146    17.1193    12.6349    14.9474    25.7599    13.1505     2.2990    21.7287    10.4005    35.2912    22.1662    34.1662
    3.7916     5.9010     5.7242     7.4440     7.1549     5.4332    11.8150     1.5651     2.9967     8.4049     2.0807    15.9088    13.0494    11.2369    14.5494     7.4674    27.8463    17.5182    25.0025    13.5338    23.0650
   -6.8048     9.7030    -1.8908    -2.0783    10.6796     4.5672    16.4921    10.0624     5.5272     7.2889     4.5360    19.8358    13.0389    14.2733    11.6796    11.0467    14.5233    15.1171    12.5077     1.2967    -5.8647
    2.0480    16.7492     4.7101    -2.0008     4.7707     5.4601      .1398     8.1007     4.9289    19.1711    11.8429    14.0617     3.6554    17.4836     9.5929    10.4289     -.8957     4.2898    -8.2395     7.9324    -2.7160
    -.3437    17.6484     4.1074     4.6699     5.8828     3.2378     9.8047     3.1223     6.2109     4.5801    11.4453     5.8672     9.2307    -3.9646    12.5432     5.1448     1.4123     2.9660    -4.5349     7.5979      .1994
    2.4993    19.0521    11.7864     6.7513     6.4661     2.9483    14.1302     5.5130      .7258     7.2200     4.7317    -1.9285     7.7278      .6907    11.8684    -2.3425     2.8984      .9915    -3.7878     1.8840    -5.4285
   -3.9512    14.9941     -.3262     5.0683     4.8691     7.9805    -1.3476     9.1524     -.4062     5.7461     3.8203    -2.5039     4.4102    -2.5273     9.1602    -3.6133      .9502      .1524    -2.2109      .3985    -1.9179
    1.8588     -.9831     8.3685     3.1888    -2.6980     5.5560    -3.7956    11.2434    -2.8816     4.8997      .0813    -3.2644     1.0459    -6.4440     -.5105    -4.6862    -3.9519    -3.6550      .3636      .0891     -.0964
    5.6326    -5.7502     5.6560     1.7683    -4.5627     3.3748    -5.4065    10.1482    -5.0237     -.7874     -.9827    -2.8635      .4397    -2.5979    -5.4143    -4.9455    -4.0471    -7.8362     4.1130    -5.2424    -1.7776
    8.1136    -3.3630     2.4124     -.5368    -4.5114     2.2230    -4.1052    -2.4216    -4.8630    -3.9020    -4.8005      .8980    -3.0895     -.5036    -5.3317    -2.5856    -2.2614    -1.9997     -.2741    -7.3161    -1.6051
    8.3618    -1.3843    -1.8803    -2.2866    -4.3882     1.4331     -.8354    -6.2475    -3.9741    -4.2319    -4.0132      .6485    -7.4507    -1.1382    -2.3335    -1.3100     -.1313    -1.2983     1.1123     1.6861     2.3755
   -2.1017      .2342    -4.2579    -4.2579     -.5333    -3.1720     -.9494    -4.2033    -1.4064    -2.4416      .9056     -.3751    -5.0470     1.0194      .2674     -.0763     3.8358     2.1854     6.6249     1.5067    10.1561
   -5.0166     1.1357    -4.5322    -2.9346      .1240    -4.7901    -1.8955    -2.2822     1.5107      .5035    -1.1319     3.1943     1.2998      .0366     -.9287     -.7354     1.9404     1.2588     3.8232     2.0068    14.9599
 
  -22.9266   -12.2078   -15.6766    -1.8563   -11.9266     3.1594    -9.3797    -4.8953    -7.9891   -16.4266      .4797    -1.6922     2.3351     -.3953    -8.6766     3.1398     4.2316    12.9875     8.9914     8.0461    14.1047
   -1.3244    -7.2697    -2.7541     -.3322    -6.9103     1.1366    -3.0666      .9335     -.1759    -5.6759     5.0018    -1.9416     3.6561     2.2616      .7147    17.0272     6.6561    18.1522    19.4491    24.2460    28.9647
    -.6970    -3.3063     1.5765     -.3767      .1858    -2.7126    -1.9938     1.0296      .8577    -1.5251    14.0062     4.6936     7.4651    19.4280     3.1507    29.7405    13.6390    22.1155    25.3030    28.4593    36.1155
    5.0017    -1.4354     6.6447     2.6388     1.0568     2.3615     1.0919    -1.1620    15.0099     -.2557    15.8537    10.6583    15.7287    25.8537    15.0255    30.8224    19.8693     8.0333    34.6662    16.2755    34.6974
   -1.5443     4.5445     1.5690    10.7447     6.9791     6.4752    12.8932     4.3981    22.3150     6.4537     2.0885    13.6900    10.3854    10.2525    17.3150    23.0650    22.3150    13.2057    23.8775    16.7994    20.8463
   -6.2111     8.2342    -3.8986    -2.9454    11.1327     1.7655    12.9452     9.9452    16.9139     8.7342     4.3793    23.0546    12.7264    20.1483     8.6014    23.3983    13.2733    18.0858    12.7889     4.9999    -6.2084
    3.7541    15.5773     3.3639    -2.1414     2.9998     3.1828     1.9797     9.4211    13.5461    13.9679     9.4445    13.3117     7.9211    14.0773     7.7179    25.1398     4.1179     3.2332    -6.5051     6.7801    -5.5520
     .6211    12.3359     3.9756     3.4507    12.5234     8.3750    10.0938     2.9892    20.3672     6.4336    12.4141     3.0167     7.8088    -4.1131    12.0276    -1.7849     5.7541     3.0937    -3.1131     3.9827    -1.5349
    1.4153    14.8489     8.8802     6.6107     4.9857     6.3177    10.8333     4.5110    27.7708     8.0325     4.2258      .6106     7.0168    -1.8972     9.7981    -2.6941     6.7981      .6692    -1.6394     -.3621    -6.6316
     .7461    13.7597      .4707     4.9433      .0957     6.4727     -.5156     8.6602    -3.1445     7.7852     2.1202    -1.3203     1.8308    -3.4961     7.5508     -.0195     3.6075    -1.0586    -2.7383     -.3945    -1.2500
    2.3544     -.6120     9.5247     1.6936      .7766     5.4778    -3.7409     4.8685    -3.3737     8.6419    -1.0065    -3.8112      .1087    -6.4987     1.4900    -2.1042    -3.3659    -5.8347     -.0144    -1.6394      .6272
    4.5310    -2.2698     8.8201     -.7737    -2.2424     1.8962    -5.4924     5.5779    -3.9924     2.4646    -2.7893    -4.5627     -.7463    -1.1194    -4.5627     -.5041    -4.7112    -6.3284     2.9529    -5.4065     2.5662
    4.8167    -1.9606     7.6605    -1.6130    -3.9801     1.6097    -4.4723     1.7659    -2.5817    -6.0114    -6.4802     -.3805    -2.5270      .4708    -5.3630     1.7142    -3.3005      .3905    -1.4411    -4.9020      .8665
    5.2368    -1.4155      .5645    -3.4975    -4.2163      .3594     -.3589    -4.7554     1.1636    -5.4663    -3.6147     -.0923    -5.3100     2.7466    -4.0054     5.5337    -1.7358    -3.5600     3.4321     2.8696     2.8462
    -.3595    -1.6447    -5.7736    -3.6798    -2.0783    -1.9884     -.4123    -4.5704      .9608    -2.6642     1.3021     -.1720    -2.1408    -1.2658      .2411     7.9296     2.0526    -1.0060     6.4686      .0018     7.8280
   -3.3838      .6523    -5.1104    -1.1553     -.6944    -3.5557     -.0811    -4.4541     4.7256    -1.1104    -4.2901     2.7998      .7881     7.1006      .2348    10.8662     1.5771      .7832     1.4971     1.6924    12.7412
 
  -24.5516    -9.3172   -13.5828      .0890   -10.4578     3.8820   -12.0828    -1.6375    -9.4110   -14.7078      .5109    -6.4891     3.0148     -.6531     -.8875     1.7844     -.1063    12.6750     8.2453    12.1906    11.7531
   -2.1916    -8.3009    -6.0509     -.6681    -9.4884     -.1447    -6.9103    -1.4337     1.4803    -5.5197     4.0936     1.5038     4.8026     2.2225     1.2772    15.2147     5.7743    21.3085    15.5897    22.9022    28.1835
     .6155    -4.5407     3.4202     1.2640     2.7640    -1.7595      .6233     1.3812    -1.1345     -.9313    16.0530     3.2601    10.2249    17.5843     6.2640    30.0218     7.9007    18.1312    22.0062    26.9593    35.7405
   -2.1385    -2.4588     5.2331     5.6300     6.8693     5.5734     2.2638    -2.1463    12.8771     1.0412    15.5255     9.9240    14.3068    23.0099    17.9005    26.5724    18.1818     7.4826    31.6349    15.6037    33.7599
   -6.2631     1.8541     3.8209    12.7525     5.0885     6.3326    12.5963     6.9127    20.3932     6.9869     3.1041    10.2291     6.1432    17.5494    17.8619    25.0338    14.2994    11.5338    21.6275    23.2838    19.5807
   -1.4689     6.7147    -3.5314    -2.4533     8.7577    -1.0783    10.3124     8.7655    13.0077    10.0936     4.9374    21.0233    11.9764    18.4764     9.9921    21.7421    14.3202    14.2108    13.5389     6.2342    -5.9741
    3.4484    12.6554     3.1828     -.3875     2.9926     2.0080     2.2433     7.9367    10.7179     8.2726     7.7101    13.4679    14.3586    13.4679     1.8039    23.4836     8.2136     2.2263    -4.6692     5.5887    -7.1770
     .3477     6.7031     2.3526     2.9483    15.6328    10.5234     9.1172     4.7266    14.8984     9.4688     8.4609     3.1487     6.9729    -4.9646    10.1135      .1760     9.3244      .1096    -2.1990     1.6311    -3.5193
    1.2688     8.3099      .4114     4.2708     4.0911     9.4349     6.6536     3.4544    26.8021     9.2356     3.8020     3.6663     6.8293    -3.4910     7.5012     -.0886    10.4700     -.6042     -.1628    -1.3503    -5.3972
    2.0749    12.4472     3.4043     4.6738    -1.0801     4.9727     -.3242     8.0508    -1.0351     9.3946     -.2148     2.5010     2.7950    -4.1757     4.4024    -2.0429     5.4414    -2.7539    -2.8789      .0899    -1.3984
    2.2294    -1.4050     9.0247      .6575     4.2942     4.5677    -2.9128     3.4544    -3.6941    11.5091    -2.5573    -1.2878      .1263    -3.4206      .6087    -4.4284    -3.7175    -5.7722    -2.6198    -2.6902      .5608
    4.2888    -2.6252     7.6716    -1.9065     1.1028     1.5691    -4.3362     3.8591    -5.7346     6.8670    -3.7190    -4.4534     -.8342     -.5100    -2.2073     -.6604    -4.9534    -5.3987      .9937    -6.2659     1.9998
    4.4222    -3.1091     9.3714    -3.4020    -2.1403      .3035    -4.0036     1.8929    -3.8317    -6.2692    -5.2380    -2.7262    -4.2223     1.0023    -4.9333      .4222    -3.1637    -1.4216    -2.5426    -1.7301      .4969
    4.8462    -1.6850     1.7651    -3.8804    -3.8725    -1.5874    -1.3530    -2.7515      .1646    -6.0679    -3.5600    -1.1928    -4.3882     1.3325    -7.3257    -1.5444     -.7964    -3.5288     4.3814     1.5376     7.2993
    2.0467    -1.4650    -6.9376    -3.7580    -3.3908    -3.7267      .3627    -4.5392     -.7580    -2.1056      .1327    -1.9298    -1.2150     -.2853      .4745     5.7811     -.8498    -2.5783     4.7460     2.8260     7.1327
   -1.0537     -.1924    -5.0244    -1.6026    -1.8760    -1.3506      .6767    -6.7354    -1.4834     -.8057    -2.9268     4.3935      .4137     4.9756     2.2217     9.1318     2.2842      .4121     -.2451      .7280    11.8818
 
  -13.3953   -10.1141   -22.6766   -13.1453   -13.7078    -1.4266   -12.7391     -.2547    -9.7235   -11.0828     2.2336   -10.4891     3.6633     -.2938    -2.0281     -.5125   -10.1297    13.9484    -1.8719    14.7453    11.5187
     .2616    -9.2384    -8.5041    -3.0353    -6.5978    -4.8322    -5.4884      .2694     1.4256    -5.3009     6.6273    -2.0041     6.9208     1.9022     3.1834    12.9491     4.4159    23.1835    11.6444    22.5272    26.6522
    -.3454    -5.0876      .1702     2.1233     1.6233     -.4860    -1.7126      .4437    -1.9001      .2718    14.8187     4.7894    15.8030    13.7405    10.2562    28.3655     7.1097    14.3265    19.1780    21.8968    33.6468
   -5.0526    -3.1463     6.5627      .6505     5.7550     7.2794     2.9474     2.8341     8.7833      .6583    13.0880     8.2287    12.0099    19.3224    18.3380    28.3224    18.8693     6.5958    27.1037    16.5880    33.0412
   -3.9350     2.4830      .2057     7.4947      .0572     6.2721    11.0572     7.1315    18.4244     8.2682     4.2223     9.7916     2.4557    21.7838    17.4713    13.5182    12.9400    10.7604    22.2838    23.4088    21.2838
    3.5834     8.0389    -2.0939    16.1796     5.3202    -2.2189     8.1874     6.5975    10.0858    11.2342     6.2225    17.3827    10.3749    20.0858    11.1327    20.9921    16.0389    11.8749    13.9452     8.7030    -5.4116
    2.2101    11.0148     4.3507    19.4836     3.9992      .9660     8.3039     7.0539     5.3390     5.2257     6.5265    13.7648    13.9211    12.9992     1.9230    20.1711     9.3699     3.2300     1.1590     4.7605    -8.0364
     .2813     4.2305     1.9082    18.8828    10.8672     8.3906     8.1719     3.9424    13.6016     9.2344     6.7813     3.1752     5.9416    -5.1287     7.2385    -2.0427    12.4026    -2.7459     -.4060      .7854    -4.3631
    2.4085     5.0599     -.2565    19.6771     4.2669     6.8099     4.6321     4.9232    19.9896    10.3684     2.5330     5.7512     6.5364    -2.2800     5.8762     -.4597    11.5872    -1.6550     2.7246    -1.1199    -2.8113
    1.1055    10.0722     5.6347    18.1191     -.0684     3.6348     -.2656     6.8399     -.6562     9.4493    -1.9101     6.2461     2.4024    -2.6679     2.6114    -4.8242     8.0430    -4.2461    -1.0781     -.1972    -1.0703
    1.9549    -1.8425     7.8997    -4.9440     6.1028     3.2552    -3.5144     3.3880    -4.1628    11.2747    -3.6394     2.9056     -.7234    -3.1081      .3108    -5.2331    -2.4909    -5.2019    -4.0847    -5.0534     2.5540
    4.1521    -3.4065     4.6013    -5.3362     5.4685     -.2151    -4.2268     3.0545    -6.1409     6.2498    -5.0940    -3.0198    -3.5862     -.8362     -.7366     -.5530    -6.6330    -4.0315    -3.0666    -5.2268     1.8318
    3.8909    -4.2692    10.3089    -2.5348      .9595    -1.1266    -4.4255     1.0306    -2.6325    -5.4255    -5.0817    -5.0739    -6.1520     2.2855    -4.7067    -1.7106    -3.3708    -2.3395    -3.5270    -1.2731    -1.2184
    3.7993    -2.8804     4.5728     -.3374    -3.7397    -3.4819    -2.4390    -2.1147      .0982    -6.1069    -2.5757    -4.2319    -3.1655     -.0600    -7.6069    -1.5874    -1.0581     1.9361     3.6079     3.0220     5.7915
    2.3280     -.3908    -4.8126     1.3119    -4.1486    -3.5080      .4608    -4.1173    -1.7853    -3.1095    -1.7072    -3.5392    -2.1173    -1.1486      .3231    -1.4611     -.4708      .2381     4.1796      .2294     5.1171
   -1.2705     -.7647    -4.6807     2.5849    -3.8760      .2427     -.5362    -5.7041      .6115     -.9600     1.1513     2.3896     -.0928     4.8740      .2678     7.2256     2.0263      .7646    -1.0127     1.8271     7.7021
 
   -5.6297   -11.7078   -20.6141   -12.5516   -14.8016    -2.2235   -11.3953     1.5578    -8.9578    -7.2860    -7.8953   -13.1766     3.9660    -2.5203     -.8641    -1.7313    -2.9891     8.3625     4.9035    15.1828    13.2531
    -.0665    -6.6759    -2.3009    -5.1290    -5.6603    -2.7697    -5.6759    -1.2072    -1.3400      .3397    -3.1603    -4.7228     8.7186     3.2030     5.4100     9.9217     3.6483    23.2460     9.5194    24.6210    23.3710
    -.2282    -5.2751     1.9280     -.1345     3.0140     1.2405     -.9626     1.5999     -.2204     3.1858    10.9515     3.6663    18.4280    10.6155    11.5062    28.5843     9.6546    33.0218    15.2874    17.0062    30.3968
   -4.5838    -4.6620     4.0500    -1.9432     3.1193     8.7248     4.4992     8.2833     6.1154    -1.5448    21.3224     5.6212     9.6271    15.6505    14.4005    29.1349    20.5255    34.8537    23.8224    12.4318    34.1349
    -.8490     1.6549    -6.5599     6.1217    -4.0131     5.8551    10.2369     5.2779    17.9088    10.0338    23.8150    10.6900     2.0338    19.1119    11.7213    24.0025    16.6119    22.5963    23.6900    18.7838    22.6900
    3.7778     8.7108      .1522    14.2421     3.4237    -1.8751     7.1210     4.0880     9.8514    11.5624    15.6483     9.7186     9.2499    20.5858    16.6952    19.4921     8.4764    22.5546    13.1327    13.9608    -4.5366
   -1.8914     6.8156     6.2101    16.4523     4.3390      .5734    12.0304     7.3820     7.5695     6.7687    17.7804    14.6086    12.3429    12.2179     7.9757    14.7648     8.4324    -3.9582     4.7996     4.0232    -6.2082
   -3.0547     2.3975     4.1250    11.3516     2.0430     7.1406     8.7813     9.4219    11.6484     1.0703    19.8672     6.1172     5.0080    -1.0740     5.9573    -5.1599    11.3557    -2.9412     4.3811      .3010    -2.7771
    4.8372     5.5091     2.9156    14.7708     7.4896     7.1771     3.0184     3.3294    15.3333    12.1965     -.3699     6.6379     5.5950     -.5300     4.9583    -2.0066     9.5794    -1.5847     5.0950     -.5652    -1.2410
    5.0605     7.4707     2.3012    19.5410     1.9438     1.9414     2.8399     5.8868    -1.5547     7.2774    -2.8867     8.9883      .8125    -2.1015     1.0557    -6.1914     5.6446    -1.7929      .8789    -2.5039    -1.6679
    -.5197     -.3444     7.4622    -2.3191     9.5247     1.4773     -.1901     4.4974    -3.7956     6.0013    -2.2058     6.5716    -1.2722    -4.4128     -.8503    -3.5925    -2.2097    -1.6081    -3.6550    -7.5378     2.4856
    4.0466    -4.1096     3.9334    -3.4143     8.9451    -1.2659    -3.1565     1.5105    -5.9690     4.7966    -3.5627    -1.3752    -4.9299    -2.8830    -1.8674      .7835    -4.7737      .4099    -5.5315    -5.2034      .2498
    2.9339    -4.6520     6.6761    -2.0348     5.3480    -2.2380    -4.4255      .7718    -2.1520    -2.3005     -.9743    -4.5817    -5.9958     1.7132    -4.7067     1.9417    -4.4020     3.0472    -2.7848    -2.7341      .6527
    1.9068    -4.4975     2.3814     -.6225    -4.2632    -3.9272    -3.3335    -1.0190      .2075    -5.0835      .8854    -5.6929    -1.5991    -1.6264    -5.6929      .0894    -3.2788     9.1743      .5357    -3.4507     4.3423
     .9133    -1.3908    -2.3673      .4505    -3.4298    -2.8400     -.4142    -3.9689      .1004    -5.4533     2.0975    -2.5939    -3.3595     1.6971      .9940    -2.5470     2.2616     7.6639     3.4491      .5658     3.7186
    -.9561     -.0567    -3.4854      .3709    -4.3369     -.0479    -1.5401    -2.4737     -.1133    -2.1494     4.2724      .0639    -2.3955     4.8662      .1592     8.2177     -.1924    10.8662     -.8780     2.1299     2.5771
 
     .4250   -10.5828   -16.5516   -11.5203   -22.5203     -.7938   -11.1766     3.0851   -10.8953    -4.2235    -7.2860   -11.9578     5.7498    -9.4735     2.6555      .8547    -1.2703     7.4777     4.6262    16.4328    12.1203
   -2.5666   -10.5353     3.5897    -6.4415    -2.0978    -1.5431    -5.4884    -1.6916    -3.6134     3.5897    -5.2540     2.7225     7.2655     7.1756     8.5116     9.4608     3.4374    21.7928     8.5624    25.8085    19.3866
   -4.6657    -2.5407     1.8812     -.5798     4.7347     6.2513     3.7171    -1.9938     -.4626     1.5530     7.9905      .4280    17.0062    11.7249    17.0843    25.7093    12.8187    34.5843    13.1624    13.0765    27.3030
   -4.2557    -3.7557    -1.0917    -2.8026      .0490    10.5021     7.6037    10.8693     5.8332     3.3576    18.4787     2.7130     7.3576    12.9708    10.7521    28.6037    20.5880    29.0099    22.5412    11.4083    36.5099
    1.9401     1.7057    -3.7787     3.3990    -4.3256     5.1847     8.5651     2.1471    15.6119    10.2057    21.5025    12.7057     3.2428    14.5963     6.2897    25.3775    19.8307    23.0650    21.8463    15.2994    20.9713
    3.4115    10.6405     2.3124    12.3671     2.7460    -1.1251     7.3592     1.3280    10.8827    11.1249     9.9999    10.1796     8.0311    21.8046    17.4452    19.0389     5.3807    21.2733    11.5155    12.3202    -1.6225
   -3.1414     4.5793     5.3429    11.0773     4.5031     1.2121     6.3898     8.1867     9.8586     7.5617    16.5148    13.5773     9.7882    11.3742    12.3586    12.4523     6.9754    -4.4582     8.2683     6.0027    -4.6223
   -2.9297     3.7158     4.7148      .9336     3.1692     5.6680    12.6484    13.0547    11.3984     2.2549    18.5703     7.3750     4.0334     1.3518     5.2307    -4.6052     8.8010     -.3865     9.9573    -1.0584    -1.9256
    7.5442     5.5950     4.6478    10.9271     8.3567     4.4720     1.5775     6.5911    10.4739    11.3840      .3840     9.4075     2.9412     1.7346     4.8489    -2.5691     8.1887      .4817     7.1262    -1.9050     -.5925
    4.3086     5.6347     2.7812    17.0410     5.0176      .4395     6.7305     5.2227    -2.1797     6.5586    -1.3828    10.6680    -1.3242     1.4634     -.5078    -4.3789     2.3086    -3.8789     1.0723    -3.9804    -2.8789
    2.0301     -.9362     7.0013    -1.7761     8.6888     -.2487     3.5403     3.7317    -3.0144     4.9622    -4.0690     9.7435    -3.3894    -3.0612      .1829    -2.1355      .3020    -1.8308    -4.1706    -6.6081     -.6316
    3.2888    -4.2893     4.3943    -3.6409     8.2029    -2.1643      .0339      .0310    -4.2346     2.0662    -4.6721      .1628    -5.0159    -3.9924    -2.7971     1.1116    -3.3205      .5808    -5.8752    -4.1487     -.7620
    1.7855    -4.7692     5.6214    -3.7536    10.8558    -3.3864    -3.3161     -.1540    -2.2692     -.4509    -1.4958    -5.6989    -5.4020    -1.7536    -6.5036     2.1058    -6.8395     -.2262    -1.4333    -1.5856     2.2933
     .2105    -4.7554     3.2173    -1.9350    -2.6069    -3.9507    -3.7163    -2.8257     -.3706    -3.8335     -.0034    -4.6304    -1.7319    -1.5444    -1.9663      .0591    -5.3100      .0786     -.9761    -3.0991     4.7603
   -1.1720    -2.9025     -.7677     -.5373    -5.9064    -3.2189    -3.9064    -3.1681     1.1844    -7.3595    -2.3791    -1.7072    -1.9454     3.5584     -.1027     1.9608     2.9647     9.9217     1.3758    -1.2267     2.2069
   -3.6885      .1162    -2.7080    -1.0791    -3.4268     -.0357    -2.0752    -1.5518     -.9268    -3.4502      .2031      .4860    -2.2744     4.7334      .0508     6.3974     1.0410     9.6943     -.2461      .9863    -1.1573
 
    -.0438   -14.6141    -3.8953    -9.3328   -20.8328    -8.7860   -13.8016     2.5695   -12.7703     -.3719    -3.8641   -12.1141     4.6125    -7.8797     3.2336     1.2765     1.1828     6.3058     1.5890    15.4015    10.5656
    -.3165   -11.9103     5.3671    -7.8634    -1.1056     -.9103    -6.3634    -1.8322    -5.1134      .1913    -2.8009    -5.5978    11.5975     -.1447    11.6756    11.0663     9.4022    20.8866     8.3690    27.0585    17.0741
   -1.9626    -1.8376     -.3610    -2.6813     5.2581      .9437     2.8851     1.5452    -2.2907     4.9671     5.7259     2.7913    14.5999    11.1624    20.7718    23.0843    13.8890    34.6468    15.4749    12.4124    25.0843
   -7.1151    -2.0448    -6.8026     -.9120     3.3419     5.5387     4.9665    12.0099     7.7873     8.0333    14.5255     1.1271     5.5558    10.7208     7.9201    24.7287    18.5568    26.1349    23.1974    12.0412    33.8537
    3.1979     2.9205      .2057     2.8893    -1.6381    13.0650     3.1686      .7994    13.7213     7.1822    21.4400    12.6041     5.2237    12.0963     4.5816    26.5338    17.6588    22.4713    15.6900    13.4557    17.2213
    3.6371     8.9296     4.0046    13.3358     3.2176    20.4921     7.8046     -.7501     9.4452    11.1874     2.9960    11.3827     6.4413    22.5233    13.9139    19.2264     7.0975    20.2733    11.2421    11.3514     -.0366
   -4.3836     3.5705      .6359     9.9445     5.3664    14.3742     6.1320     6.6476    12.7492     7.7492    13.9523     7.0695     9.6086     9.9992    13.9211     7.7414     6.6082    -5.8020    10.2371     4.8992      .3543
   -2.6406     4.7051      .1445    -1.2031     6.5039    18.4453    14.8828     9.6250     9.8984     3.8213    14.7734     6.4609     2.1233     4.9924     4.6311    -4.4490     6.8987     -.3826    13.1526    -3.0271     -.1052
    6.0013     5.3685     3.4788     9.6302    -1.4948    17.3489     1.1282     8.3099     4.5521     9.2200    -1.6707    11.2590      .4739     4.0696     3.8274    -2.4441     6.0989     -.4167     8.6731    -2.4441     1.9631
    4.4355     5.2754     1.7998    13.7754     3.8691    -1.0859     8.2774     4.2813    -1.7695     6.3321    -2.0586    12.2617    -2.9414     6.3789      .6075    -2.7539      .7862    -6.2382     -.5390    -4.4570    -2.5508
    3.4784      .2503     5.9310    -2.2214     6.7356    -6.2097     6.3763     2.2766    -3.5534     3.0188    -4.9987     9.0169    -4.7644      .3128     -.4929    -2.4558      .1907    -1.8269    -5.3347    -4.8347    -4.0144
    1.8220    -3.2346     4.8474    -4.1174     8.3982    -3.2580     4.2029     -.5354    -4.2659      .9934    -5.8440    -2.0823    -5.1487    -4.1799    -5.2346     1.6042    -2.3362     -.3323    -5.1096    -3.0940    -2.2698
     .4754    -4.5739     3.6800    -4.5505     8.3323    -1.8122    -1.2438    -2.4137    -3.5426      .5350     -.7927    -6.4489    -4.2848    -4.2302    -5.6755     1.3851    -7.1755     -.8532    -2.4411    -1.5466     -.3161
    -.6675    -4.0054     2.4360    -2.6304    -1.9936      .0093    -4.4897    -5.0679      .3960    -3.7241     -.5425    -4.3335    -1.8608    -2.4936      .8555     -.6909    -5.3022     1.6148     -.1313      .0913     4.2642
   -3.0744    -4.3204     1.0829     -.1974    -5.5548     1.3680    -5.2189    -3.1017      .0506    -5.7189    -1.3673    -2.3048     1.3309      .7514    -1.2501     3.1405     1.8397      .4022    -1.7189     -.3537     2.0428
   -3.8604     -.2041    -2.2979      .7563    -3.7276     3.6279    -2.5752     -.5332      .4039    -3.2588    -2.0362      .9765      .4748     4.7724    -1.2588     4.8584      .9922     9.8349     1.9111    -2.9893    -1.3565
 
    -.0985   -12.2391    -1.3250   -10.7703   -17.9266    -9.8953   -16.1453    -4.7235    -9.6922     4.8849    -4.9578    -8.0047    -5.4422    -8.9735     6.3146     3.7609     2.6359     4.3723      .8547    13.8078     6.8976
    4.0233    -7.3165     4.9100    -6.3009     1.2069     -.7072    -7.0040     1.2694    -5.6134     -.8478     -.4806     -.0978     4.6756    -2.1134    10.3944     7.9569    12.9100    16.6522    10.3944    29.7147    16.4960
   -2.1813     -.3063      .1702    -3.8376     3.6897     1.0999     4.7874     6.1790     -.7907      .5999     3.6155     1.3030    19.2718     8.6390    20.6155    19.4437    17.7874    33.8030    16.7405    37.1780    22.9593
   -5.6932    -1.3807    -6.5995    -2.1620      .2833     3.5744     3.0998    12.9552     8.3732    12.2208    13.1974     5.7169    26.8849     9.7521     4.8573    21.3537    15.5255    26.0412    23.0412    34.1037    29.6974
    3.7154     3.5611     3.4596     3.0611    -2.5678    11.6510     -.9896     1.4010    10.9635     3.9342    19.7369    12.9557    23.9088    13.0650     4.1979    29.2213    17.4713    27.7213    15.5338    24.7525    15.3150
     .5194     5.8338     3.6400    13.0546     4.2958    20.1483     6.1366     -.1486     7.6132     6.8944     9.9686    12.1327    17.6796    17.4921    11.7421    19.3202    13.0546    16.9764    10.0702    25.3671    -1.0131
   -4.5711     4.8390    -1.4539     6.3390     6.9367    12.4523     6.8429     4.4660    17.7961    12.5929    13.9992     4.5832    21.8586    10.6711    14.7336     6.5617     6.8465    -6.9426     9.2058    -2.2317     4.5222
   -3.1250     2.6450     1.0039     1.1074     5.3164    13.8047    11.6328     8.0938     7.9531     9.4297    11.1016     4.5703    28.9922     7.9026     4.7405    -2.2068     5.7346    -4.0506    11.4182    -1.2771     4.6994
    5.7474     9.1849     6.7552     8.9114     1.3958    15.0989     1.7493     7.2864      .3880     7.4543    -1.7175    11.0872    -2.1707     6.5637     2.1077    -1.1902     2.7159    -2.6941     8.1497     -.0730     2.5856
    4.9629     2.7368     3.1894    11.4316     3.4922     -.2265     8.6680     2.9200     1.7218     6.2852    -2.9726     6.8868    -2.2773     8.8477     -.4218    -2.7929     -.6601    -6.1367     1.0323    -2.2422    -1.9297
    2.4979     3.9348     4.5677     -.9167     5.8685    -2.9284     9.0091     -.1687    -1.2253     1.2491    -5.4050     5.0599    -2.8816     3.1145    -2.4870    -4.1315     -.8386    -1.3152    -5.0534     -.0437    -4.5378
     .3728      .5090     4.2459    -3.9455     4.5779    -3.3909     8.6795    -1.9573    -4.0940      .6643    -4.9690     1.1619    -3.7424    -5.2893    -6.9924      .0212    -2.6721      .8150    -5.0393     1.2405    -3.4768
   -1.3239    -2.1169     1.7152    -5.4723     4.4769    -2.7848     1.2562    -3.6676    -4.2302     -.6696      .1243    -4.6364      .5667    -5.3708    -4.5114      .2547    -5.8864     3.3675    -4.3239     5.4339    -1.5700
   -1.8647    -3.4116     1.2222    -3.0600      .1665    -2.0913    -6.0757    -4.9194    -1.0776    -2.5874     -.2104    -5.0444     1.0205    -2.5015      .7064     -.5659    -2.0913     -.9722     -.1909     8.2290     1.5191
   -3.9142    -3.7111     -.2267     -.6818    -3.8126      .8488    -6.4142    -1.6329     -.6388    -4.3048      .6527    -4.8517     5.5624     -.8419    -4.4220     2.7538     1.4442     7.8046      .1249    11.6405     1.6385
   -3.3096    -2.2432    -1.5440     -.5596    -4.4229     -.1582    -2.1299     -.0615     1.1943    -1.0362     -.6162     1.5576     7.2334     1.0713    -2.0088     5.2334      .2326     7.3818     1.8701    13.1318     -.5117
 
     .8781   -13.1453      .8547   -10.2391   -14.3328    -8.3172   -15.4891    -2.8953   -11.7391     3.2023    -4.5360    -5.0360    -4.9578   -13.6141     8.1008    -1.9110     5.4318     4.3937     1.5656    12.5969     7.8351
    1.4725   -10.6915     2.6444    -5.5353     3.4491    -3.9884    -2.7541      .0663    -6.4259    -1.0822    -1.9103     4.9940     2.0350     -.0197    12.0585     3.9999    15.9960    15.6210    13.8085    27.0897    13.3944
   -1.1970     1.1624    -1.6501    -1.6501     -.2360    -1.2751     4.9163    10.3812     4.7991     2.9241     3.4476     4.2366    17.0062     2.3187    18.2874    14.4437    22.8343    29.3030    17.5999    34.8968    22.4280
    -.8026     2.5646    -4.9432    -2.6073    -4.7870      .0412     1.1232    14.6974     7.4591    13.8693    11.2130     8.9357    24.9787     8.4474     2.4123    18.4474    12.1037    30.9162    21.8849    35.3849    25.0412
    6.2818     4.5367     5.4479     4.3541      .2369     8.8971     -.8412     1.0416     7.5143     1.8776    17.3619    12.6354    15.0650    13.9400     4.5489    26.7525    14.3619    25.0650    17.5807    23.9400    16.1275
   -1.9064     -.8361     1.6132    12.8202     4.6307    17.6952     6.0272     1.3905     6.4217     2.2850    11.3671    13.4139    15.9921    11.1952     9.9139    17.3983    13.8358    16.4452     4.1576    24.5233      .3814
   -3.7118     6.0070    -2.1493     4.3078     5.2257     7.9367     7.0851     5.4992    19.6711    13.1398    13.4211     4.8644    17.2492    12.1867    11.4054     6.9367     6.2410    -7.4426     7.7918    -1.8332     8.2527
   -1.7422     3.1251     3.2959     3.6260     2.2676     7.7109     3.8486     5.2148     5.7852    12.7891     8.4844     2.8884    27.6484    11.3713     5.1877      .3948     5.5354    -5.7068     8.0744      .4455    10.8166
    5.3177    12.1614     8.6067     7.8567     2.9549    13.3646     6.6263     4.0071     -.4792     6.1692    -2.2097     9.5403      .9309     9.6575     -.8152      .9895     2.2014    -3.9675     5.4075    -1.5300     4.2903
    4.2285     1.2480     4.4785     6.2480     3.6152    -1.3320     9.3086     1.5821     4.9180     5.5703    -2.2304     4.7735    -1.4023    11.1211    -2.0781     -.0156     -.3789    -3.0820      .0742    -3.7695    -2.6133
    4.1737     7.0716     3.3411    -1.7370     5.4856    -2.8894     8.3528    -1.5652     2.5091     1.4449    -3.8191     3.0364    -5.2956     6.7200    -3.4909    -4.1003     -.1960     -.8308    -1.4753      .3372    -5.1315
    -.6428     3.9138     3.1130    -4.1565     3.6716    -4.7659    11.3357    -3.5393    -1.6448      .1931    -3.2659     1.7839    -4.7502    -5.2268    -5.8830    -2.8830    -4.6487     1.6902    -4.0159      .1550    -3.3987
   -2.1833      .5430      .7407    -4.8161     4.0511    -3.5036     2.7659    -4.0192    -3.9723    -2.0153     -.4430    -2.3669     -.3493    -6.3083    -4.4020     -.9899    -4.9098     1.6029    -7.5348    -2.1872     -.7341
   -3.7007    -2.7710     -.1802    -4.0757     1.7095    -1.7593    -7.0913    -4.3179    -3.0874    -4.6929      .7329    -5.3413     -.5620    -1.9624     -.2221    -2.2397    -1.2866     -.2300      .6465     5.8853     -.9800
   -4.1251    -4.1408    -1.8439    -1.5587    -1.4454     -.1896    -5.6564    -1.8712    -1.8947    -2.0783      .6571    -7.3908    -1.3712     -.7072    -2.8048     4.1756      .7071     5.3514     2.3963     9.9530     2.2440
   -3.6885    -3.8447    -2.8135      .3478    -4.1026    -1.7627    -2.1299     -.3467    -1.1065    -1.1494     -.6436      .7929     3.4287    -1.4073    -2.6612     3.9092     2.3252     5.3662      .4370    13.4131      .4266
 
