    1.5201    11.1813     1.7145     -.0726     1.9997      .3580     -.9672    12.2282     5.0719     8.3297     8.7750      .8873     8.0797    -4.4593     7.3297    12.7438      .8280     7.1969    -1.2289     8.6657    -9.1000
    4.4095     7.5736     5.5267     4.6673     4.2220     9.5892    -5.5163     3.6282     5.7923     1.6986     3.7142     2.4173    11.2454   -11.4421     9.7454    15.7611     1.9251    11.5267    -7.4342     8.6673   -13.2233
    1.4907     1.1939    -2.5542    -1.1225      .2759     3.1079     -.3647     6.2642     2.0454     6.3423     2.2642     -.6069     8.1861    -8.6811     9.9517    11.2329     4.3970    11.5767    -3.9057     8.0611   -17.6108
    8.1746     4.1511     5.3621    -2.3308    -2.1077     4.3152    -8.1458     7.6277     8.2214     4.4167     4.0886    -2.4216     1.2058   -12.0442     2.9011    -1.1399    -5.4543     4.2136    -6.7395     5.9089    -9.6067
    5.7285     5.8379     4.8691      .8965    -1.4492    -2.0615    -6.3574     5.9629     -.4668     1.5410     3.1816    -5.8027     3.3770   -10.3574     3.3535    -3.9570    -4.4121     -.4785   -12.3965     8.4785    -6.6152
    9.6776      .8651     5.4120     1.1229    -1.8136     4.0292    -3.9064     4.2088    -3.0577    -3.7658      .8378    -8.9552     2.9198   -11.6974     2.4042    -6.5568    -6.4474     6.8651   -16.1349    10.9901      .6590
    3.9762    -3.4047     1.1597     -.1899     -.6440     3.1637    -3.1098      .7496    -2.8481    -3.9692     5.6558    -9.1254     7.6715    -9.9379      .5972    -4.1410    -8.4544     3.1394     4.0847     3.1160      .8738
    3.2640    -2.3571    -5.8532     2.5336    -6.9703     3.3812    -8.8766     3.3578    -2.7204    -4.8024     9.6468   -16.6188     1.2231    -1.3106    -2.5113     2.1059    -5.8785     2.0278      .5258     3.4965      .8071
     .3000    -3.3885    -2.3924     2.6623    -8.4314     4.5373   -13.2596     2.6349     2.2096    -7.7904     1.9674      .2657     -.0967    -2.4975      .6139      .0331    -1.6127    -1.1908    -2.6225     2.3541     -.6713
    2.8047    -3.3320    -3.3633     2.9531   -14.0508      .8108     -.9089    -1.7878     -.1955    -2.9851     1.5091    -1.4948     1.3880    -1.9421     8.8665     -.1608     1.4915    -2.0515    -4.8523     -.2282    -2.0983
    4.3218    -1.4514    -4.0100     1.6462     1.6433      .7190    -2.9475     3.8611     -.0471     1.4646      .6440    -3.7756      .2761     -.3010    12.4978    -5.5647     1.2297    -2.3694    -2.6077    -2.1780     -.6604
     .7928    -1.2661     -.2475     -.0278     -.7798     3.8199    -1.6645    12.1011    -3.6879     3.3863    -2.3247    -4.1255    -3.8208     -.1235     8.2964    -6.6176      .1328    -3.7739    -1.8715    -1.4809     -.5122
    7.2154    -2.2924     3.2583    -1.7924    -3.1479    -1.0249     -.1284    12.1919    -7.2143     1.7173    -4.2612    -3.8940    -1.4663     -.9487     4.1451    -5.4721    -2.2924    -2.8549      .0537    -3.0620    -1.2983
   11.6206    -5.4497     4.1323    -4.4497    -4.8482    -2.5826    -1.3833     5.6909    -5.7310    -1.3032    -4.3013    -1.3794    -1.8052     -.4654     1.5737    -6.3872     -.8892     2.8706      .4859    -1.2954      .3405
    9.0435    -6.6206      .9461    -5.7300    -4.9487      .4112     -.9526     2.8286    -5.7300    -2.0464     -.5796      .6842    -4.2456    -2.6401     2.2876    -4.7690    -2.0268     2.8169    -8.0815     2.9458    -6.7300
    2.8369    -5.6905     -.2676    -4.6045      .6236    -2.9990     -.1397     1.2051    -5.4326     -.2774     2.7822     3.5869    -1.8076     -.0176     3.3017    -2.2412    -2.5694     1.0303    -7.7139     4.1377    -3.6201
 
     .5045     8.1735     2.1481     6.4313     1.8610     2.5563     -.4808    10.8219    11.6344     9.1500     5.1578     2.9899     6.1578     -.7621     2.1305     7.5797     -.5941    10.1188     1.3268     7.1110    -6.2328
    6.4329     4.0579     2.1517     8.5892     4.0111     6.6361      .4798     8.9954     9.0423      .1790     6.8236     3.7454     7.0423    -8.4811     8.6048    12.1517     2.8001    16.8548    -4.2428    11.9954   -12.6296
    -.2436    -1.8921     1.7798     1.1861     -.1264     -.2241     -.7124     5.9361     2.6783     5.6236     5.8892      .5884     4.8579    -8.8530    14.8267     9.3892     1.3111    13.2954    -3.0136    12.0298   -13.3764
    5.9871     4.8777     6.2996     1.1785      .9128    -6.4856    -3.9309     6.3152     8.2683     4.8855     6.6902    -2.0549     2.4402   -10.1926     2.9402      .2332    -1.0657    -3.4133    -8.9739     7.5496   -12.6848
   11.8379     5.2441     9.5723     2.8301     -.0605      .1270    -4.1660     2.4238     -.0020     3.9707      .2676    -4.9473     3.8301    -6.4863     3.1582      .7559    -2.3037   -10.3652   -10.6465     7.1191    -9.8262
   -2.2094     2.0760     7.8182     -.8048    -1.2999     3.5917    -1.0118     4.4276     -.7853     -.3185    -1.9976    -8.0412     2.6620   -11.2755     5.1073    -3.5079    -4.6544     1.9198   -12.8693    10.3182     2.3738
    1.2066    -1.0917     3.0387    -2.3823    -3.4242     4.5933    -1.8627     1.4840    -2.0756     -.5346     -.4770    -9.1254     4.7965   -12.4535     4.9449    -4.1098    -9.0794     3.1628     4.4050     3.6160      .4558
    2.9515     -.5661     -.9562     -.6745    -5.7203      .9281    -9.8219     5.6859      .1859    -2.7399     -.6666   -13.8375     2.0668     -.1099    -1.9576     2.9731    -3.5113     2.4028      .2602     1.5590      .5786
     .7424     1.1896     -.3699    -2.9002    -7.0721    -3.1814   -14.6346     6.2170     1.0260    -5.7826     1.8268    -2.9896     1.4108    -1.3705     1.0045    -1.4115      .2677     1.1842    -3.2475    -1.0404    -1.3178
    4.3711     2.4063     -.9717     -.6729    -8.6914     2.3860     -.5612    -1.8327     -.6384     -.9519     1.5638    -3.8171      .4744     -.2971     7.5774    -3.7429     5.7415     -.3205    -3.7937    -7.0632    -2.1491
    6.1303    -1.7444    -2.6233      .7305    -3.5100     1.7771    -1.1975     3.3767    -2.0998     4.3415     1.7790    -3.3303     -.7659     -.2444    10.7947    -7.6897     5.4587    -1.7561    -2.8889    -3.6194     -.0676
     .4344    -1.8755     2.1089      .0699    -3.1567      .9341     -.5454     8.8824    -5.8520     6.9995    -1.7075    -2.9379    -3.2739     -.5747     7.4292    -5.3911     3.4409    -4.9458    -2.4262    -1.9926      .3506
    3.9380    -3.4018     6.4185    -1.6987    -1.5346    -3.6049     -.3169     7.7544    -7.1440     4.5044    -5.0190    -4.0268    -2.0307     -.9116     3.8755    -2.6987    -1.2046    -2.6089     -.0019    -3.6831    -1.2905
    7.8549    -5.6216     7.3003    -4.6607    -3.1411    -1.4068    -1.2505     3.5229    -5.1138     1.5249    -5.7857    -1.7974    -2.4966      .6423      .6200    -2.7701    -1.2232      .3774      .3923      .5113     -.4097
    4.8482    -5.5268     2.7232    -6.0971    -3.2104     -.6401      .7681     3.4966    -2.9370     -.4604    -1.6440     -.8022    -2.1909     -.4721     1.3726     1.6460      .4690     -.0757    -7.8628     1.0020    -9.2378
    2.0185    -4.0030      .2915    -4.5186     -.5029    -3.4483      .2847     -.9268    -1.9092     -.8272    -2.3350    -2.1748      .5347    -1.9756     2.9033     1.5137     -.4190     -.5576    -6.8858     3.8174    -6.7764
 
    6.8922     -.2884     3.8063    13.1969     2.4762     7.9157      .4830     4.5914     4.8453    11.5094     2.9899     3.7164     9.5250     2.5700     4.1227     4.3844    10.0250    14.6032     1.4196     8.4313    -2.9203
    6.7298      .3900     1.3743     8.0111     4.7611     5.9642    -1.9880     5.9954     3.5423      .0111     9.5111     4.1829     6.8079    -1.7155     8.6517     4.5345     9.2298    18.5111    -1.8952    12.5267   -11.3014
    6.0923      .1704     4.9986     2.2798     4.6314     3.1236     -.4194     2.5454     4.9204     4.4204     4.4907     4.1001     2.9439    -5.5053    11.7642     5.6392     4.5376    12.3579    -1.5639    12.5454    -9.3842
    5.5183      .7371    10.4871     5.0105     4.9324    -3.4905     -.1731     5.5496     8.6121     9.5652     6.7683     1.7996     3.9402    -8.8176     2.6902     3.3230     2.2996    -4.2395    -8.4973     4.5574   -10.6692
    5.0254    -3.9160    12.0566     3.5957     1.1738     1.2441    -3.0601      .8730     2.0098     5.6191    -2.5991    -3.4258     4.0176    -5.8731     2.6426     3.7598      .6348   -10.2168    -9.2871     5.3223   -11.9746
   -1.1935    -2.9269     7.3182    -1.4357     -.0411     1.2284    -2.8615     4.5057      .3065     2.0292    -3.9728    -6.0099     2.2167   -11.6505     5.3495    -1.9176    -2.0286    -6.4474    -9.4787     8.0682     2.6863
    -.0551    -1.6159     4.1871    -3.3344    -3.9574     2.8902     1.9332     2.8512     -.1352      .7574    -3.1567    -7.1410     2.8355   -14.9379     9.0152    -3.1410    -5.0989     3.8581     -.3469     2.8660     1.9597
    2.3343    -3.2047     1.9632    -2.7086    -4.1110     2.1117    -9.8844     4.9828     -.3112    -1.0673    -3.0739    -8.8610     2.2739      .3403     -.1187     2.0746    -1.6011     2.2582    -2.6910      .8539      .7797
     .9826    -7.9471     1.9162    -5.4627    -4.9236      .0275   -13.6815     6.4045     -.5419    -4.3920     1.2369    -5.9389     2.1197    -1.0258     1.4322    -1.5932     3.3424     1.7369    -2.8686    -3.4701    -2.9232
    3.9102    -9.7852     1.1699    -1.1816    -6.1211     2.6868     1.5110    -1.6882    -1.4851     -.7751      .7630    -3.1335      .0647    -1.1980     3.3352    -4.7273     9.4915      .5628    -2.8835    -5.1335    -3.5046
    5.0757      .6639    -1.7366     -.1838    -3.2756     2.0486      .7695     2.1345    -3.4866     7.1853      .5095    -1.3928    -2.7327    -2.5295     2.9627    -7.0100     8.9197    -4.9475    -1.5842    -3.2991     -.1252
     .4075    -1.8833     2.0738     -.4380     -.6391      .0367     -.3208     4.7652    -5.0786    10.9605    -3.0669     -.8247    -4.4536    -1.8051     1.4605    -3.7192     5.9995    -7.5395     -.9594    -2.5473     1.0865
    4.3365    -3.5659     8.8951    -2.4956      .7725    -3.0698    -2.8081     -.7475    -4.9956     5.6138    -6.6753    -1.8042    -2.6401      .4927     1.6099      .1658     1.5415    -3.4799    -2.3706    -2.4760      .2129
    1.0620    -2.0513    10.9175    -5.8247      .1860    -4.7701    -2.1255     -.4497    -1.9966     3.3003    -4.5669    -1.7193    -3.1138     -.5357    -1.3208    -1.0415     1.2866    -1.8677     1.5893     2.7182    -1.2407
   -2.7612    -1.1870     5.6997    -7.0425    -1.8901    -4.9096     -.8706     2.0708      .9912     1.8970    -1.9253    -2.5112     -.0132     -.8843    -1.4917     4.1255      .6828    -4.8003    -5.8237     -.7886    -9.4253
     .4075    -1.1826      .7417    -5.9483    -1.0908    -2.3662      .2568    -2.7920      .9692     1.5478    -4.3076    -4.1280     2.8369     2.6377     2.6377     4.3877      .0381     -.8486    -6.2373     1.2412    -7.2530
 
    6.9313    -3.2211     6.3453    13.0875     2.9860     4.1578     3.1735      .2086     -.8832    10.8219     6.0875     6.3219     6.1500      .8820    12.9157    -6.7953    12.5563    11.8219     7.3766    10.5407    -1.2738
    6.1204    -3.7526     5.8392     7.7298     4.4720     5.6829     2.0032     4.3236    -4.2038     5.4173     6.5736     1.8861     4.3548     2.7376     9.2923   -11.9733    12.4954    16.7923     2.2532    17.1986    -8.9264
    4.6861     2.5376     5.9673     -.5171    -1.3178     1.1314     -.1030     1.5845    -1.2632     5.5767     3.9908     8.1861     6.8892    -2.5737     6.6079   -11.1186    11.5298    10.8267     -.7593    13.7329    -6.7788
    5.5652     -.5833     7.4558     6.9402     6.9089    -1.0618    -1.5129     1.8074    -8.1379    13.4871     5.6433     4.5496     6.0496    -7.2395     2.7449   -12.0911     3.3542    -4.2356    -6.4856    -5.7747   -11.0286
    1.8535    -4.0586     7.3379     4.5176     4.3691     2.1270    -1.7051     1.8379    -6.5098     4.7910    -2.7401    -1.1250     1.9707    -3.6250     3.0566    -9.9043     3.5957    -5.8848    -6.4277     6.4629   -11.7090
     .0409    -3.6779     3.7948     -.8654     2.2635    -1.0851    -3.3126     3.9901    -3.3517     3.0448    -1.8038    -4.4630     1.2049   -10.2755     4.4588    -8.7287     2.0135   -11.8068    -5.7794     9.0526     4.4129
     .8277    -1.0922     3.4527    -1.7914    -1.7714     -.1430    -5.9223     3.8277    -9.0082     2.9683    -3.2992    -4.8403     6.6246   -13.5473    10.9215   -11.6567    -1.8084     4.4050    -6.2669     2.5574     3.1160
    2.2445     -.8244     1.7796    -4.5290    -3.1969     2.8421    -9.0954     3.5375   -10.0875     2.6156    -3.3805    -4.3375     2.4379     2.1411      .8110     -.9526    -1.6324     1.7465    -3.6988      .9653      .5629
     .4631    -9.3846     3.2717    -4.1619    -2.4725     5.1076   -10.8846     6.9357   -13.9002    -3.0443      .1163    -6.2826     2.2057     -.7318      .5377    -1.6928     4.1705      .4440      .2213    -2.8295    -3.5482
   -2.5039   -10.4570     3.1289     -.2368    -2.7656     1.8020    -1.1335      .0551    -1.5241     -.6980      .1106    -1.0339     1.2161    -2.4226     3.0032     -.5192    11.5071    -1.6882     1.5071    -2.3054    -3.8523
    5.2553      .0164    -1.5256    -1.2835    -2.1272     1.7175      .0320     2.1287    -2.7873     7.8259     -.5334     2.7263     -.5256    -5.1663    -1.8186     -.3284    10.8572    -6.8147      .7386    -2.5100    -2.7952
    1.2183    -1.3579     2.9605    -1.0884     1.3101      .4562    -2.4458     2.1089     -.7583    13.6011    -6.1255     3.1753    -2.7309    -3.1098    -4.5708     -.1704     5.8199    -5.4145     -.7212    -3.8833     -.3178
    2.8365    -3.4995    10.2388    -3.8315     4.5513    -2.8471    -4.2299    -4.1518     -.1342     9.3013    -6.8940      .5043    -3.4057    -3.8237     -.5161     -.9878     3.9888    -4.5659    -2.1674      .3709     1.4908
    -.0572     -.8306    12.2300    -6.7622     3.0698    -4.7544    -5.1919    -1.8599    -1.3931     4.2221    -6.4888    -2.1724    -4.0357      .2090    -3.3755    -1.2427     2.5620    -6.7935     1.9077     4.4409     1.2680
   -1.6167    -1.3393     5.9966    -6.1128     -.0141    -5.5346    -2.1792     -.9214     -.7944     3.5708    -4.7378    -2.3940     1.7681      .1489    -3.0776     1.7290     3.7388    -3.6050    -3.2065     1.6187    -9.2534
    -.3096    -1.1983     1.6572    -5.5420    -1.5928    -2.0537      .5537    -4.4483    -2.5928     1.8642    -3.3662    -1.1865     2.1416    -7.7139     1.1943    -4.3858     1.0898    -2.7373    -4.0811      .0010    -7.3936
 
    7.8922    -2.7640     1.7653     8.4469     7.3297     4.9703     4.0485     6.0875     -.7562     9.9157    11.7125     6.2360     4.8844     1.1530     7.0875    -3.3812    11.1657     6.3844     5.1578    13.4469      .1813
    2.7845      .2415     2.5970     3.5501      .8001     7.7767     4.5267     8.6048    -2.9855     9.3392    10.7611     2.3470     7.6517     1.2806     6.0892   -10.1374    11.9329    10.4954     4.9564    20.5423    -6.9577
    6.3111     -.0874     -.7124    -1.9604     2.1861     1.4751     1.5220     -.6811     -.8061     4.9673     6.5142     2.6704     6.1392      .3423     7.3267    -9.6499    13.7329     7.7329     2.7173    10.1861    -6.4546
    1.6042    -3.2390     5.9558     5.3464     6.4558     2.4167     1.2917    -2.8649    -3.5178     8.2058     7.2058     4.5261     4.6902    -5.1301     4.0027    -9.1536     2.5730    -1.5481    -2.0276    -6.7903    -9.7864
   -8.4746    -2.7023     3.0020     2.5957     9.5566     2.4707      .0137     2.6035    -3.9805     3.2285     -.4941     3.0488    -2.7553    -6.4863     3.9316    -9.7012     3.5879     -.1660    -1.0391    -9.1465   -10.3418
    1.9823    -3.7287     1.2557      .3534     6.3026    -2.3795    -2.9435     2.0370    -1.1622     3.6698     -.0177     -.4025    -1.7267    -8.5099     3.5604   -10.4005     5.4276    -6.2912    -4.1349     1.7128     4.9441
    3.1949     -.3539     1.9058      .2984     1.2926    -1.1469    -4.4457     3.4683    -9.5160     1.6637    -1.4191    -2.3110     -.2406   -10.6410     6.2105   -16.2035      .4089     3.9519    -6.8294     3.2566     1.9167
    3.9046      .6742     1.6078     -.9220    -1.3346    -1.0353    -8.1969      .3031   -11.8688     6.1312      .1351    -2.1168     2.6957     1.9340      .8637    -1.3131     -.4996      .0473    -1.9937     1.6840     -.3658
   -2.8807    -7.5955     2.1389     2.0490    -1.1126    -3.1971    -9.1502     -.4737   -15.6346    -1.8373     -.2726    -3.8646     1.7818    -3.0717     1.4283    -1.0082     3.4361    -2.0482     2.5729     -.5282    -3.2396
   -4.5508   -11.0195     4.6758     1.8750     -.1754      .8499    -4.0007     1.9778    -1.2976     -.0227     -.7263     1.1907     1.4798    -4.0007      .0776     -.7233     9.5696    -5.8132     6.3509     -.6286    -3.4187
    -.4878     1.5857    -1.6194    -2.0569     -.6819     1.3728    -3.6663     1.1462     -.6448     6.3884    -3.3225     6.0681      .6184    -3.3694    -2.8147     -.3596     9.9353    -7.5803     5.0290    -2.7170    -2.9788
    1.8413     -.6508     2.6050    -2.5903     4.1167     -.3501    -2.6294    -1.2348     -.2749    10.0074    -7.3364     6.7808    -3.1059    -2.8208    -3.9301     -.5434     4.5386    -3.6333      .8282    -5.5786     -.6860
    1.1167     -.9155     6.9263    -4.7456     7.6372    -2.9331    -1.9643    -3.2299     -.6499     7.2310    -6.4253     3.6529    -4.9721    -3.1753    -1.4760      .3839     3.1099    -3.0268     -.4370     -.7202     -.2241
   -2.1997     -.6939     7.9253    -6.2388     5.6753    -5.5122    -3.8951    -1.1157     -.4058     2.6245    -3.1646      .1172    -3.6607     -.6372    -3.8404     -.1314      .8603    -2.3208      .5100      .6848    -6.9185
   -3.4565    -1.4409     2.3716    -5.3081     2.7153    -6.0971    -1.9761    -1.4995      .9031     1.6421    -2.9956     -.8491    -1.3940      .2949     -.9057     -.3179     2.0318      .1597     -.3335    -2.3628    -7.0425
    -.5069      .5998     2.0205    -2.2764      .3979    -2.5459    -1.4834    -2.7139     -.6963     -.9795      .5388     3.1806    -3.4014    -6.0811     -.0410    -9.0420     3.6494     1.3252    -1.2744     -.5615    -5.6748
 
    2.4450    -2.3851     2.7477     -.4066     7.6813    11.9000     4.8688     8.1579     -.6039     5.7750     3.5133    10.5719     4.1188     3.6266     7.5563     1.8004    15.8219     7.2594    10.9469    15.8375     1.2321
    3.6282     3.9642     8.7611     1.4329     4.0736    10.9642     5.3314     6.9329      .7923     7.6204     4.4329     6.4798     9.4329     -.1921     8.6829    -5.8991     3.9954     5.0501     9.8704    19.7923    -5.1217
   -3.2668     1.2017     3.6001     -.7671     6.6548     -.5522     2.2251      .9439     -.7280     4.5298     6.6392     4.8579     5.7798     3.8501     7.6704    -5.1303    10.7486     4.7017     6.8423     7.2954    -4.6030
    -.9856    -3.1243     3.0183    -2.6858     5.5183     6.5027     6.1902    -1.0774    -1.1614     5.8933     6.1433     5.1121     2.8621     -.9524     5.4558    -8.3411     2.2449     3.1980     1.4792    -5.0364    -7.4817
   -4.3359    -2.4705     3.5879    -5.7676    12.0254     2.5645     1.8770     2.1816    -3.3877     3.0332     1.6504     5.2910    -5.3731    -7.1699     4.4473    -9.2012     3.1973     2.7754     1.7051   -11.9902    -8.8340
    1.7714    -3.9494     1.9589    -4.7677     6.0213    -2.4899    -1.3136     -.1642    -2.1998     3.7948      .8924     1.2714    -4.1349    -6.8927     3.4901   -11.4943     9.7713    -4.0372    -2.8390      .9393      .6863
    3.6324    -2.1059      .8824    -1.2089     2.9371    -1.4563    -5.3715     3.4137    -8.0160     4.1012    -1.0043      .8355    -4.6254    -7.6020     3.2418   -18.4223     1.6902     2.5730    -3.3391     3.9910    -2.1282
    3.5453     1.8187     2.8109    -7.0250      .4437    -4.1110    -5.6344     1.7796   -11.7282     9.6937     -.0602     -.0446     2.9106    -5.3160     1.2270     -.2242     1.0707    -2.0152     -.1011     1.9770    -2.9332
     .9592    -8.2830     2.1936    -6.2518      .5080    -3.1619    -6.6658      .0510   -17.1033     -.8988      .4742    -3.0287      .6520    -4.5248     1.5299    -1.5365     2.2291    -2.5287     6.4908     1.8932    -2.1322
    1.4180   -10.3789     8.3398   -10.1133     2.7773      .1693    -6.9304     2.6321      .5262     -.5759    -1.9968     2.4329     1.0901    -2.7429    -1.2976    -2.3132     3.8274    -6.3601    10.3352    -1.3659    -2.8483
     .6228     1.9568     -.2249     -.8713    -1.5920      .5510    -1.9202     1.3552      .0193     4.0798    -3.8069    10.0603      .3572    -1.3694    -4.3147    -3.1038     4.5955    -5.6975     7.5603    -6.4944    -1.1194
    1.5142     1.6050      .8072    -2.4966     5.3824     -.5258     -.0727     -.9360    -1.8911     -.5532    -5.5473    10.2417    -6.1020    -1.1137    -3.4028     -.8696      .5304    -1.5434     3.2183    -5.3208    -2.2622
    -.0385     -.0346     5.5669    -3.3354    11.1294    -4.0034      .7715    -4.4878    -3.1440      .1382    -3.8315     6.2310    -6.7534    -1.6909    -3.5424      .1211      .5280      .6958      .6055     -.0869     -.0258
   -2.2779    -2.5591    -4.5122    -1.0806     8.8549    -6.6294    -1.1626    -3.3560    -1.1919     1.0420     -.6021     2.3159    -5.2779    -2.2115    -2.4263      .1552    -2.1294     1.4546     2.5893    -4.4107    -3.9107
   -4.8550    -4.1596    -1.6557    -1.2553     4.5161    -5.6675    -1.8315    -3.5034     -.4721     -.6479      .3296     1.1343     -.2680     1.2241     1.7681      .3018     -.1098     4.2349     1.2945    -2.1753    -5.1518
   -6.0733     -.4297     1.9072    -1.2744     2.6338    -5.0264    -2.3194     -.5596      .1367    -3.4092     1.1396     4.2314    -5.3780    -3.8779     1.3672    -7.3701     4.2236     1.8642      .6926     2.1338    -4.9326
 
    1.4772     -.9593     8.0641     -.5668     7.0407    14.2282     5.1188     8.2829     2.1911     1.7926    -2.2562    10.6344     9.4782     1.7477     8.1813     2.2731    16.4313    -9.1312    11.9938     8.9938     6.4938
   10.2298     5.4017     6.9173     1.2103     8.6673     7.6829     2.9329     5.6517     3.6751     4.6673    -5.8522     5.5423    11.4486     2.8470     6.7611    -1.6335     6.6986   -11.8483    15.7611    15.9486     -.9499
    -.1460     3.4673     4.3736    -1.0444     8.1392     -.9585     2.7798     2.5142    -1.1147     3.5298    -3.2756     6.5142     8.1392     3.4829     8.9517    -1.9526    10.6236   -11.2983     9.5923     5.5298    -1.1733
     .1433     -.8567     -.5872    -1.7766     4.5730     7.5339     8.1121      .6199     -.2122    -1.9895    -9.4739     5.7214     3.1589     1.7371     4.8230    -8.0442     4.2449   -12.1379     3.0574    -4.5266    -6.1028
    -.2402    -1.9150    -2.4351    -6.2168    12.0879     1.8691     4.3613     2.2285    -2.7843     3.7285    -6.8340     4.4707    -4.1094    -4.0371    -1.4238   -10.3105     3.7910   -10.3809     2.9160    -8.7871    -6.9668
    1.0448    -2.1031     2.7010    -4.1193     4.9198    -1.8661      .8104     -.5451    -2.9249     2.7557    -6.7990     1.7714    -1.6071    -3.5412     3.6854   -10.4161     7.7713    -9.6193      .2909    -8.1740    -9.3605
   -1.1093    -2.1469     2.5308     -.1215     2.5777     -.0395    -4.6176     1.8668    -6.1332     4.2183    -9.0551     3.6949    -4.3207    -5.1137     8.8590   -17.1723     3.0378     -.4583    -1.4961     4.0535    -4.4700
    -.7340    -1.2317     4.4984    -6.2672     1.0492    -3.3727    -2.7204     4.3500    -9.1110     6.6000   -12.7282     2.0961     2.3715    -8.9800     1.5121     1.6293      .9067     -.5650      .4418      .6469    -1.6685
     .1203    -7.4549     -.7580    -9.5721     3.3654    -1.7186    -3.7713     6.5139   -15.8846      .2262    -1.1488    -2.3373      .5621    -4.8060     1.5787    -1.3724      .8541     -.6806     7.8111      .2970     1.2311
    -.5718    -8.4883      .5283   -12.4570     3.8516     -.8444    -5.0788     1.9075     -.0915      .3067    -2.9265     2.4954     -.1633      .8392      .2826    -4.2819      .9808     -.5749    12.0071    -4.3288     1.4153
    -.0396    -1.9358     1.6472     -.7327     -.3479     -.4983     -.5667      .8943    -1.5803     2.7986    -1.1760    11.6697    -2.6936     3.3416    -1.3069    -4.3225    -3.9944     -.1008     8.8728    -7.0491      .6321
     .8077      .4692     1.6460    -2.8637     6.2808    -1.5083     3.0191     -.2426    -3.8364    -1.6411      .0083    12.5074    -7.5551     2.2730    -3.3129    -2.9536    -2.2544     -.4868     4.4644    -4.2739    -1.5825
    -.7690    -1.3256     2.1822    -1.9018    12.4732    -5.8940     4.7544    -3.4370    -4.0581    -3.8081     -.9174     6.8169    -5.3940     -.5971    -4.1518    -1.8862    -1.9214     -.3881     1.6314    -6.6674     -.7085
   -2.7232    -3.3716    -1.4009     -.3189    10.3237    -7.0279     1.7456    -4.8247    -5.3169     -.2222     -.8950     3.2456    -5.0669    -2.1490    -1.1744      .9287    -3.8169    -3.0279     2.4741    -4.7622    -1.8326
   -4.6675    -4.8862    -1.6753    -1.6870     4.3833    -5.9409     -.6440    -4.8550      .2993    -3.1128     -.3589     1.3706    -5.7690     -.4487     3.1489     4.3833    -1.2846     -.3589     3.3872    -2.1870    -2.6557
   -5.8389    -3.7451      .1401    -1.0029     4.2705    -4.6436    -1.5459      .6821     -.2022    -3.8779     -.6104     2.1982    -4.0655    -1.4365      .9648    -7.9483     2.2373    -8.6826     3.0049     1.9912    -3.2686
 
    9.0407     -.4769     4.6188     -.9418    12.9782     8.7125     8.6657     8.6266     3.6149     5.7750    -1.1175     8.5016    11.3844     3.8493     5.8766     2.4489     8.7125    -5.2406    15.0875     9.4625    10.0875
   14.1986     6.1204     7.4486     -.9030     2.5657     4.5970      .5072     7.2611     8.0111     5.1986    -2.4767     5.9954    11.4798      .0384    10.1986     -.8366     8.4642   -10.2468    12.4017     8.5111     6.8861
    2.1861     3.3658     4.8892      .4126     2.7173    -1.3296     3.4204     2.1158     1.9204      .9595    -2.3374     4.8267     7.9204     1.2798     7.7486     1.6704     8.6236    -8.6655     8.3267     4.4439     1.9126
    3.6042     1.4324    -3.3430    -1.5618     8.2371     7.2683     6.9246     4.8386     1.6746     -.5793    -4.5735     5.9402     3.7136     3.2058     1.7761    -6.9426     5.7683    -9.1536     2.7292    -2.4607    -2.0198
    3.0254     -.3066    -6.0879    -3.7383     2.4160     1.0840     6.7285     1.6738    -1.2539     2.8613    -5.7051     4.0019     -.5762     -.2754    -6.3926    -9.7480     5.6660   -11.3340     5.8535    -3.6709    -5.0410
    1.8026    -1.8097     3.8338    -2.4059     3.7167      .3065     2.7635    -1.6886    -4.7482     1.0253    -5.0294     2.3651     -.5314     -.1603    -6.1115   -10.7599     4.9276   -12.4630     5.2323    -7.0412   -10.9074
   -3.2074     -.7592     4.6871     1.9683     2.2457      .7652    -1.3163     -.6967    -5.0551     3.7887    -9.9692     6.0387    -2.1244    -3.8363    -1.2651   -14.4223     4.3503     2.5261     -.5257     4.1785    -4.2200
   -1.8034    -3.9079     4.1547     -.5270     1.7093     -.3346     -.2038    -1.6232    -7.6969      .2406   -15.4469     6.3343     1.9770    -6.1207     1.8989     -.3111     1.7114     -.1519     1.9614    -1.3619     -.1539
   -3.5096    -6.1346    -3.4705    -8.3143     5.9592     1.5178    -1.3895     -.6973   -11.5408     1.7115    -1.3666    -1.3959      .4205    -1.9818     1.8229    -2.6381      .0607      .1969     5.8580    -2.4779     4.6002
   -4.7461    -6.9883    -4.9180   -11.3164     5.9570    -1.6647    -3.9382     1.0745    -4.6648     1.6829    -1.1882     2.1302    -1.9851     3.5657     2.4017    -3.5632    -1.9694    -1.2683    10.4290    -6.8288     6.0384
    1.3012    -4.4553     2.6521      .2273     -.6819    -1.3460     1.3533     1.0632    -4.0022      .3777     -.2795     7.9197    -5.6585     7.2712     -.4749    -2.9788    -3.7991    -1.2795     7.8806    -5.1975     4.3181
     .2388    -2.7739     1.2828     -.8735     3.7847    -3.1684     6.2183      .1202    -2.1958    -2.7348      .0415     8.3277    -7.8833     5.4839    -4.8130    -3.1801    -2.8950     -.2856     3.5855    -2.3481     -.3227
   -1.3608    -1.8354     -.0361     -.5151     8.2232    -6.0659     7.8794    -4.0424    -2.5385    -2.3549    -1.0678     4.3326    -4.6909     2.8951    -6.1909    -1.8354    -1.7065      .9102      .5735    -3.1714     -.8940
   -2.9185     -.7173    -5.0201    -1.3775     4.9487    -5.9107     3.6909    -5.7935    -3.4810    -1.1353      .8545     3.1831    -2.1372     -.4947    -2.1294    -1.0064    -2.0435     -.6607     1.7046     1.8159      .5442
   -5.1831    -2.5503     -.6811    -1.0835     2.0396    -4.0659      .6597    -4.7456     -.9370    -3.8472      .5142     -.7241    -2.1597     -.8472    -2.1401    -2.6089     1.0508    -2.5190     2.8638     1.4868     -.3960
   -6.4951    -1.8154    -2.0342     2.1240     3.0439    -1.6944     -.1289    -1.1084    -1.3096    -1.6006     -.4541      .9062     2.5264      .1470    -3.9248    -6.0342      .3232    -8.7608     3.6416     4.3642     -.8994
 
   11.0563      .9572     1.8454      .2106     8.5172    -1.7758    10.8844     6.6735     6.6188     8.7438     -.7191     7.4313     1.8082     9.2282     9.4157     3.0329     4.1930    -1.9476    12.2282    10.9938    12.5875
    7.5892     6.7298     9.1829     6.0111     8.2298    -2.2145     1.9486    10.2454     8.3548     7.1204      .9642     5.4486     4.3783    10.6204    12.4642     -.6218     9.3861    -8.7467     2.5501     6.9798    12.8861
    4.0298     2.6939     -.7905     3.4361     2.0767     -.6421     9.6079     1.7329     2.6783     1.9361    -1.2710     5.2329     4.7954     3.2329    10.0298     4.3189    11.2329    -4.2964     7.2486     3.7720     4.1704
    4.0105     2.9246    -4.2122    -3.3186     3.8699    -7.4426     8.1746     7.5183     4.4089      .7566    -3.0261     1.0730     2.8464     3.4324      .8269    -4.7805     6.2058    -6.8879     3.5730     1.7605     1.5964
    5.2832     2.5176    -1.8838    -2.0205     2.4082    -6.6621    10.1660      .8848     1.0176     2.7598    -5.1934     4.5254     1.9082     3.8613    -5.6660    -7.9121     3.1973   -11.9746     5.6191     -.6035     -.4434
    2.8651     2.6151     1.8495    -2.4200     3.5604    -4.6935     4.8729    -3.2013    -4.0079     1.6424    -2.4576     2.5760     1.7714      .4120    -6.3849    -8.4083     4.3495   -15.1505     9.6151    -4.8107    -5.2746
   -3.9731     1.0504     1.6402    -1.7316     2.1480    -3.8676     1.5738    -1.1313    -3.7192     4.9840   -10.7348     5.3433    -1.8613    -1.5884    -4.5004    -8.7895     4.3035     3.1550     1.4128     -.8372    -1.5198
   -2.7653    -3.2711     1.9945    -1.7174     3.3187    -9.1579     1.9593    -4.1891    -5.7516     2.5921   -15.7282     8.0218      .9614    -3.7379     2.1137    -4.7105     1.9028     -.5645     3.5825    -1.5240     2.2153
   -7.3768    -3.9510     1.6232    -8.8689     4.8576    -9.5408      .5490    -1.8045    -7.5174     2.4322      .6520    -1.0629     -.5048    -1.2240      .9068    -3.2201     -.1988     -.9262     2.7408    -4.1420     8.8502
   -5.9805    -4.4727     1.0059   -10.6133     5.6367     -.1364    -3.0007      .1088    -4.8366     2.1438     -.0061     1.5540    -3.0788     6.3431     1.3235    -1.7507    -3.0905    -3.3718     2.0462    -7.1882    10.3040
     .9760    -6.1819     2.4041     2.2693     -.2776    -2.2717     1.3464      .4558    -1.2288      .3210    -1.1174     4.3845    -4.9475    11.2791    -1.3655    -1.4006    -4.4788    -2.6389     1.4665    -3.5725     6.8650
    -.8051    -1.8208     1.0342     1.0254     3.8277    -3.3872     8.9917    -1.2563      .2920    -2.6879    -3.3403     -.5083    -5.2426     6.8589    -6.6723    -1.0864    -3.2583      .3140      .8277      .1656     1.5601
   -1.4096     1.2408    -1.1421     -.8354     1.7388    -1.6089    11.5669    -5.8237      .1587    -4.1909    -2.1479     -.7338    -1.8628     4.5201    -5.1128    -2.2456    -3.0112     -.4379    -1.0268    -1.1596     1.6255
   -3.5591     2.1089    -3.6529    -4.1685    -2.8286    -1.1802     5.9409    -7.0279    -1.7388    -3.8247    -1.1802     1.5219     1.0688     1.9116    -2.2779    -2.4146      .1797     -.6548    -1.0181     4.2339      .6705
   -6.1675      .5498    -5.8940    -2.8862      .0210    -1.3745     1.5796    -6.1675    -1.4721    -2.7651      .0064    -2.5073      .6855     1.7271    -4.3315    -4.4878     3.5943     2.3950     2.8833     4.6724      .1060
   -6.0498    -1.4717    -3.7842     -.5615      .0176     -.8115     1.4082    -1.2881    -2.6006     1.2695    -1.7881    -2.5694     2.0615     2.4717    -4.1905    -4.7295     -.0752    -8.4951     4.8955     2.0986     1.6943
 
   10.1032     1.8180     1.9020     -.1058     3.7516     -.2718    12.2594    10.6032     7.5407     8.1891     2.6305     3.7789    -2.8539     4.9078    12.0407    -2.3812     8.0329     1.0465    12.3688    -8.6000    11.4625
    8.2454     4.9720     5.7142     3.6282    10.4017    -3.4050     8.0423     7.0736     1.6986     5.6517     2.5501     9.7142    -9.2702     9.4486    14.4486     2.8939     9.9954    -6.1100     8.2767   -11.9577    15.8548
     .7642    -4.0522    -1.0796     1.0220     2.3579     -.8960     7.9673      .5025     5.6548     1.5689     -.5522     6.7173    -5.4819     9.3423    10.3892     4.2017    10.0923     -.4311     8.3267   -13.9546     4.3814
    1.0808     4.6511    -1.5657    -1.7336    -2.7345    -5.2825     6.0027     8.0652     6.5652     3.2527    -1.1692      .0339   -11.6379     3.2136     1.4402    -1.2063     4.4402    -5.7825     6.7996   -13.8879     4.1667
    6.1191     7.1973      .8496    -1.1016    -4.1914    -6.3652     6.9785      .5918     3.3223     2.5488    -3.9297     3.7051    -8.3574     3.8770    -2.8560    -6.0840    -4.6250   -10.9746     6.3066    -8.1934     3.9551
    3.0604     5.9588     1.4940     -.6290     3.8885    -4.0646     4.8963    -2.3331     -.9259      .1737    -4.1896     2.4588   -10.0333     3.1854    -3.7619    -5.3107     5.3885   -13.2443    12.3807   -11.3693    -1.3923
   -2.5434     2.9527    -1.2944    -2.4477     3.2262     -.1918     1.7105    -1.6164    -2.6645     2.9215    -9.8442     5.7965    -9.6410     2.6480    -6.8910    -4.4145     3.6472     4.8581     3.6160     -.1184     -.5364
   -2.6715     -.7409      .6586   -10.2282     3.8265   -10.0719     4.0140    -2.4723    -3.5524     6.0843   -12.8532     7.7875   -14.2907    -2.1539     2.0590    -7.3004     2.0434      .5278     1.9770      .2797     3.7700
   -2.1678    -2.1776     -.2342    -7.4783    -1.8182   -10.8221     3.3303     -.5923    -3.0291     2.3189     -.2897     -.0431    -1.4096    -1.1312     -.3036    -2.7709      .5758    -1.6439     2.6354     -.5438    10.7252
   -2.0645    -1.6738     1.3047    -9.4570     6.0898     -.4519    -2.2507    -1.0964    -3.2155     1.9876    -1.4538     1.1546    -2.3054     6.2806     -.2575     2.3665     -.7126    -4.8757     -.8542    -1.5612    11.6165
    2.3706    -4.5725     1.1086     -.6819     1.0344    -1.3420     1.6863     -.4866     1.1448     1.4753    -3.3225     1.9607     -.1184    13.2634    -5.0256     3.2712    -1.3420    -3.1389    -4.7678     -.6077     6.0290
   -1.5278     -.1294      .4605     -.8618     2.7105    -2.8012     9.9136    -3.2114     4.3706    -1.5590    -4.5005    -5.2895      .3233    10.3355    -7.0005     1.3570    -3.3716    -3.5395    -1.4047     -.5669     3.3863
   -2.1792     2.8872    -1.1245    -2.2299      .1756     -.5717    12.8326    -7.0190     3.8130    -3.9096    -4.2534    -3.0620    -1.0034     4.9888    -5.7690    -2.3940    -4.1753      .0269    -2.9878    -1.4975     2.7779
   -4.5591     5.3003    -3.6372    -4.2154    -2.3443    -1.1704     7.5190    -6.1919      .6258    -4.1841    -3.2427    -1.2994     -.7954     3.5542    -5.5122    -2.1372     1.6518      .4824    -2.4380     1.2739     3.5190
   -6.3315     2.4849    -4.9096    -5.0503     -.6694    -1.2729     2.2525    -5.6831    -1.7729    -2.5776      .8189    -4.4253    -2.8550     2.1353    -3.3784    -1.5698     2.5005    -8.0971     1.4644    -4.9409     1.2964
   -5.6826      .6879    -5.9326     -.8779    -1.2178      .0254     1.8174    -2.7959    -2.1787     1.8818     2.3056    -2.2217     2.4892     3.4424    -1.5576    -1.9014     -.0361    -8.2920     4.9111    -7.7451     4.3291
 
    6.3766    -1.7367    12.1813     3.1930     3.3336     -.8851     8.4000    10.2282    10.0407     5.8297     2.9899     6.5641      .2980     5.0953     7.4000     -.0033     8.8219     2.0895     7.7907    -5.2093    11.6813
    3.1829      .6165     9.1204     4.8392     6.2454      .7650     6.8236     6.1361     1.0775     7.4954     7.1361     6.6673    -4.3815     7.0111    10.6673     -.2702    14.8861    -2.1569    11.6361   -10.1764    10.1673
   -2.7720     1.5298     2.3345     1.6626     2.6783     -.4155     5.2329     1.2564     4.4829     4.7486     1.2876     2.4048    -5.1968    12.8892     7.0923     2.8658    11.6704     2.5220    11.8267   -10.6108     4.2407
    2.6511     7.0183     3.1589     1.9246    -8.4114    -1.1008     4.7683     8.7371     5.8464     6.5808      .8425     1.5574    -8.7473     2.4636     2.6355     1.8152      .3894    -7.4426     7.3152   -10.8411     4.3621
    5.1973    11.2285     3.5488     -.1934    -1.6875    -4.4863     2.5801      .8887     5.7754      .7988    -2.8044     3.4160    -4.6211     3.3301     1.1582     -.5840    -8.7559    -9.8105     6.6035   -10.8652     5.8691
    3.6698     9.3651      .6542     -.7872     3.4042    -1.8322     4.0838     -.6212     1.7049    -3.0353    -4.6974     1.9276   -10.7130     2.7010    -1.9428    -2.1258    -1.6642   -10.4161     6.6307   -16.7599     1.9520
    -.3715     4.5465    -3.9848    -2.7621     4.3512      .4762     2.2340     -.2875     -.3813    -1.2177    -8.6645     4.2183   -11.1879     6.5777    -3.6098    -2.5092     3.3972     5.3738     4.0925      .8542     -.1419
   -1.3013     1.9203    -2.1989    -7.7047     1.0179    -8.6266     2.7640      .9789    -1.5455    -2.7282   -10.0407     3.1859   -16.6969    -1.3223     2.4301    -4.1832     1.9379     -.9573     1.8598      .4086     4.2309
    -.4170     -.1829    -4.2830    -6.3768    -3.9939   -12.0565     5.6623     1.2853     -.4600     2.3111    -3.6107     1.6354    -1.5912      .0257    -1.2904     -.1731     1.5865    -3.0248     -.3561     -.6659     8.2096
    2.3945     -.3162    -2.3711    -8.0273     -.6396     1.4368    -2.2741    -1.4968    -2.2038     1.5423    -4.4851     1.1585     -.4782     4.8040    -3.0046     5.7024     1.0140    -3.4812    -4.2507    -1.6647     9.8196
    2.8022    -3.2209     -.0901    -4.0569     2.2361     -.2522     1.7712    -2.1428     3.7400      .6558    -3.3147    -1.0842     -.6643     9.6697    -7.3303     7.3415    -1.7639    -2.4553    -4.4163    -1.0784     3.9939
   -2.4301      .7889      .3467    -2.6997     1.0098     -.2143     6.8042    -4.7192     7.6402    -1.1626    -2.2114    -3.4458     -.3344     7.5308    -6.5551     4.6402    -5.0551    -2.3286    -2.2739     1.1675     2.4214
   -3.1128     5.9185    -1.2124    -1.0346    -2.3510     -.4926     8.5669    -6.7378     6.5982    -5.7612    -3.2026    -2.1049     -.2973     3.1646    -2.7885      .5304    -4.7143    -1.0424    -3.4331     -.1430     1.2163
   -4.7232     8.8237    -4.0982    -1.4419    -4.0122    -1.1665     3.4526    -5.3247     3.1870    -6.0904    -2.3560    -1.5904      .9985     1.5053    -2.4615     -.4146    -1.4204      .3828     -.3062     -.8325     2.2475
   -5.1440     4.8716    -5.8784    -3.2261     -.6772      .5768     1.8306    -2.1831      .2481    -2.5932    -1.6831    -2.8276     -.7593     -.7339      .7582     2.7544    -3.2690    -6.2300      .3028    -9.7690     3.8872
   -3.8311     3.3916    -4.9405     -.7686    -2.8467      .6064     -.0762    -1.8115     -.1485     -.8740     1.1992      .1597     1.3935     2.2510     1.6982     -.1113    -3.0733    -6.5420     2.0400    -7.5889     5.0908
 
 
