 -9999.00 -9999.00 -9999.00 -9999.00 -9999.00 -9999.00 -9999.00 -9999.00 -9999.00 -9999.00 -9999.00 -9999.00 -9999.00 -9999.00 -9999.00 -9999.00 -9999.00 -9999.00 -9999.00 -9999.00 -9999.00 -9999.00 -9999.00 -9999.00 -9999.00 -9999.00 -9999.00 -9999.00 -9999.00 -9999.00 -9999.00 -9999.00 -9999.00 -9999.00 -9999.00
 -9999.00 -9999.00 -9999.00 -9999.00 -9999.00 -9999.00 -9999.00 -9999.00 -9999.00 -9999.00 -9999.00 -9999.00 -9999.00 -9999.00 -9999.00 -9999.00 -9999.00 -9999.00 -9999.00 -9999.00 -9999.00 -9999.00 -9999.00 -9999.00 -9999.00 -9999.00 -9999.00 -9999.00 -9999.00 -9999.00 -9999.00 -9999.00 -9999.00 -9999.00 -9999.00
 -9999.00 -9999.00 -9999.00 -9999.00 -9999.00 -9999.00 -9999.00    25.13 -9999.00 -9999.00    23.71    24.52    25.38 -9999.00 -9999.00 -9999.00 -9999.00 -9999.00 -9999.00 -9999.00 -9999.00 -9999.00 -9999.00 -9999.00 -9999.00 -9999.00 -9999.00 -9999.00 -9999.00 -9999.00 -9999.00 -9999.00 -9999.00 -9999.00 -9999.00
 -9999.00 -9999.00 -9999.00 -9999.00 -9999.00 -9999.00 -9999.00 -9999.00 -9999.00 -9999.00    23.47    23.23    24.19    25.85 -9999.00 -9999.00 -9999.00 -9999.00 -9999.00 -9999.00 -9999.00 -9999.00 -9999.00 -9999.00 -9999.00 -9999.00 -9999.00 -9999.00 -9999.00 -9999.00 -9999.00 -9999.00 -9999.00 -9999.00 -9999.00
 -9999.00 -9999.00 -9999.00 -9999.00 -9999.00 -9999.00 -9999.00 -9999.00 -9999.00    22.19    20.70    22.11    25.71    25.93 -9999.00 -9999.00 -9999.00 -9999.00 -9999.00 -9999.00 -9999.00 -9999.00 -9999.00 -9999.00 -9999.00 -9999.00 -9999.00 -9999.00 -9999.00 -9999.00 -9999.00 -9999.00 -9999.00 -9999.00 -9999.00
 -9999.00 -9999.00 -9999.00 -9999.00 -9999.00 -9999.00    22.44 -9999.00 -9999.00    20.89    20.36    21.96    25.53    26.12 -9999.00 -9999.00 -9999.00 -9999.00 -9999.00 -9999.00 -9999.00 -9999.00 -9999.00 -9999.00 -9999.00 -9999.00 -9999.00 -9999.00 -9999.00 -9999.00 -9999.00 -9999.00 -9999.00 -9999.00 -9999.00
 -9999.00 -9999.00 -9999.00 -9999.00 -9999.00 -9999.00 -9999.00 -9999.00    20.85    20.52    17.86    22.51    23.94    25.91    26.22 -9999.00 -9999.00 -9999.00 -9999.00 -9999.00 -9999.00 -9999.00 -9999.00 -9999.00 -9999.00 -9999.00 -9999.00 -9999.00 -9999.00 -9999.00 -9999.00 -9999.00 -9999.00 -9999.00 -9999.00
 -9999.00 -9999.00 -9999.00 -9999.00 -9999.00 -9999.00 -9999.00 -9999.00    19.84    19.57    19.43    21.33    23.52    25.35    26.42 -9999.00 -9999.00 -9999.00 -9999.00 -9999.00 -9999.00 -9999.00 -9999.00 -9999.00 -9999.00 -9999.00 -9999.00 -9999.00 -9999.00 -9999.00 -9999.00 -9999.00 -9999.00 -9999.00 -9999.00
 -9999.00 -9999.00 -9999.00 -9999.00 -9999.00 -9999.00 -9999.00 -9999.00    21.63    19.89    20.12    23.31    24.54    25.79    26.31 -9999.00 -9999.00 -9999.00 -9999.00 -9999.00 -9999.00 -9999.00 -9999.00 -9999.00 -9999.00 -9999.00 -9999.00 -9999.00 -9999.00 -9999.00 -9999.00 -9999.00 -9999.00 -9999.00 -9999.00
 -9999.00 -9999.00 -9999.00 -9999.00 -9999.00 -9999.00 -9999.00    23.25    22.92    21.50    22.52    23.77    24.97    25.96    25.73 -9999.00 -9999.00 -9999.00 -9999.00 -9999.00 -9999.00 -9999.00 -9999.00 -9999.00 -9999.00 -9999.00 -9999.00 -9999.00 -9999.00 -9999.00 -9999.00 -9999.00 -9999.00 -9999.00 -9999.00
 -9999.00 -9999.00 -9999.00 -9999.00 -9999.00 -9999.00 -9999.00    24.16    22.67    22.42    23.70    23.66    24.52    25.58    26.38    26.47    26.32 -9999.00 -9999.00 -9999.00 -9999.00 -9999.00 -9999.00 -9999.00 -9999.00 -9999.00 -9999.00 -9999.00 -9999.00 -9999.00 -9999.00 -9999.00 -9999.00 -9999.00 -9999.00
 -9999.00 -9999.00 -9999.00 -9999.00 -9999.00 -9999.00 -9999.00    23.30    22.66    22.82    23.82    24.19    24.74    25.47    26.12    25.27    25.60    25.73 -9999.00 -9999.00 -9999.00 -9999.00 -9999.00 -9999.00 -9999.00 -9999.00 -9999.00 -9999.00 -9999.00 -9999.00 -9999.00 -9999.00 -9999.00 -9999.00 -9999.00
 -9999.00 -9999.00 -9999.00 -9999.00 -9999.00 -9999.00    24.15    23.50    22.94    22.87    23.22    23.31    23.52    24.91    25.14    25.59    25.58    25.46    25.87 -9999.00 -9999.00 -9999.00 -9999.00 -9999.00 -9999.00 -9999.00 -9999.00 -9999.00 -9999.00 -9999.00 -9999.00 -9999.00 -9999.00 -9999.00 -9999.00
 -9999.00 -9999.00 -9999.00 -9999.00 -9999.00 -9999.00    23.61    23.01    22.07    22.79    22.18    23.37    24.46    24.84    24.66    25.29    25.35    25.64    25.51    25.62 -9999.00 -9999.00 -9999.00 -9999.00 -9999.00 -9999.00 -9999.00 -9999.00 -9999.00 -9999.00 -9999.00 -9999.00 -9999.00 -9999.00 -9999.00
 -9999.00 -9999.00 -9999.00 -9999.00    22.75    23.56    23.23    23.33    22.73    21.91    22.74    22.92    24.30    23.95    24.81    24.05    24.84    25.66    25.52    25.63    26.28 -9999.00 -9999.00 -9999.00 -9999.00 -9999.00 -9999.00 -9999.00 -9999.00 -9999.00 -9999.00 -9999.00 -9999.00 -9999.00 -9999.00
 -9999.00 -9999.00 -9999.00    22.53    22.19    22.38    23.62    23.03    22.79    22.06    22.46    22.63    21.97    22.09    23.57    23.36    24.85    25.10    25.21    25.79    26.11    26.97    27.30 -9999.00 -9999.00 -9999.00 -9999.00 -9999.00 -9999.00 -9999.00 -9999.00 -9999.00 -9999.00 -9999.00 -9999.00
 -9999.00 -9999.00 -9999.00    22.19    22.25    22.45    22.71    22.85    21.94    22.26    20.97    20.85    21.33    22.24    20.95    23.42    23.58    24.13    24.85    24.58    26.10    26.92    26.81 -9999.00 -9999.00 -9999.00    20.68 -9999.00 -9999.00 -9999.00 -9999.00 -9999.00 -9999.00 -9999.00 -9999.00
 -9999.00 -9999.00    22.02    21.99    22.18    21.74    21.22    21.36    21.92    21.49    21.02    21.94    22.06    20.18    20.36    20.04    22.40    23.20    22.95    23.62    24.31    24.98    26.21 -9999.00 -9999.00    20.87    20.60    20.03 -9999.00 -9999.00 -9999.00 -9999.00 -9999.00 -9999.00 -9999.00
 -9999.00 -9999.00    22.25    22.03    21.40    21.51    21.18    20.59    21.60    20.60    21.21    21.60    20.37    20.46    20.07    20.14    21.89    21.80    21.70    22.55    23.74    24.16    24.87 -9999.00 -9999.00    21.17    20.57    20.11    19.68 -9999.00 -9999.00 -9999.00 -9999.00 -9999.00 -9999.00
 -9999.00 -9999.00 -9999.00 -9999.00    21.44    21.10    21.22    20.42    21.57    21.92    22.63    21.26    20.18    20.09    19.71    19.70    21.13    21.29    21.49    21.75    23.03    23.64    23.70 -9999.00    21.46    20.77    20.52    19.83    20.61 -9999.00 -9999.00 -9999.00 -9999.00 -9999.00 -9999.00
 -9999.00 -9999.00 -9999.00 -9999.00    21.52    21.59    21.73    21.80    21.31    21.68    22.72    21.69    22.27    21.87    21.22    21.14    21.00    20.83    20.59    21.79    21.55    19.51    19.41    20.01    20.27    20.69    20.37    21.01    20.27    20.00 -9999.00 -9999.00 -9999.00 -9999.00 -9999.00
 -9999.00 -9999.00 -9999.00    21.37    21.73    21.75    22.00    21.66    21.27    20.73    20.46    22.67    22.50    21.44    21.25    21.05    20.60    20.77    20.73 -9999.00 -9999.00 -9999.00    19.41    19.79    19.55    20.68    20.88    20.67    20.34    20.33    19.60 -9999.00 -9999.00 -9999.00 -9999.00
 -9999.00 -9999.00 -9999.00 -9999.00    21.43    21.60    20.90    21.37    20.98    20.66    20.51    21.11    21.12    19.84    20.06    19.47 -9999.00 -9999.00 -9999.00 -9999.00 -9999.00 -9999.00    19.82 -9999.00 -9999.00    20.97    21.20    20.46    20.45    20.03 -9999.00 -9999.00 -9999.00 -9999.00 -9999.00
 -9999.00 -9999.00 -9999.00 -9999.00 -9999.00 -9999.00    19.61    19.11    19.03    19.01    19.78    19.43    17.25    16.91    18.87 -9999.00 -9999.00 -9999.00 -9999.00 -9999.00 -9999.00 -9999.00 -9999.00 -9999.00 -9999.00 -9999.00 -9999.00 -9999.00 -9999.00 -9999.00 -9999.00 -9999.00 -9999.00 -9999.00 -9999.00
 -9999.00 -9999.00 -9999.00 -9999.00 -9999.00 -9999.00 -9999.00    18.31    18.08    18.45    17.93    16.99    16.33    16.39    17.41 -9999.00 -9999.00 -9999.00 -9999.00 -9999.00 -9999.00 -9999.00 -9999.00 -9999.00 -9999.00 -9999.00 -9999.00 -9999.00 -9999.00 -9999.00 -9999.00 -9999.00 -9999.00 -9999.00 -9999.00
 -9999.00 -9999.00 -9999.00 -9999.00 -9999.00 -9999.00 -9999.00 -9999.00    17.83    17.53    15.32    14.84    14.68    13.95 -9999.00 -9999.00 -9999.00 -9999.00 -9999.00 -9999.00 -9999.00 -9999.00 -9999.00 -9999.00 -9999.00 -9999.00 -9999.00 -9999.00 -9999.00 -9999.00 -9999.00 -9999.00 -9999.00 -9999.00 -9999.00
 -9999.00 -9999.00 -9999.00 -9999.00 -9999.00 -9999.00 -9999.00 -9999.00    13.76    13.57    12.86    11.71    11.73    11.67 -9999.00 -9999.00 -9999.00 -9999.00 -9999.00 -9999.00 -9999.00 -9999.00 -9999.00 -9999.00 -9999.00 -9999.00 -9999.00 -9999.00 -9999.00 -9999.00 -9999.00 -9999.00 -9999.00 -9999.00 -9999.00
 -9999.00 -9999.00 -9999.00 -9999.00 -9999.00 -9999.00 -9999.00    11.49    11.31    10.06    10.65     9.69     9.62    10.54 -9999.00 -9999.00 -9999.00 -9999.00 -9999.00 -9999.00 -9999.00 -9999.00 -9999.00 -9999.00 -9999.00 -9999.00 -9999.00 -9999.00 -9999.00 -9999.00 -9999.00 -9999.00 -9999.00 -9999.00 -9999.00
 -9999.00 -9999.00 -9999.00 -9999.00 -9999.00 -9999.00 -9999.00    10.82     9.79     9.83     8.87     7.82     7.93     8.73 -9999.00 -9999.00 -9999.00 -9999.00 -9999.00 -9999.00 -9999.00 -9999.00 -9999.00 -9999.00 -9999.00 -9999.00 -9999.00 -9999.00 -9999.00 -9999.00 -9999.00 -9999.00 -9999.00 -9999.00 -9999.00
 -9999.00 -9999.00 -9999.00 -9999.00 -9999.00 -9999.00 -9999.00     9.02     9.11     9.43     8.40     8.39     7.30     4.52 -9999.00 -9999.00 -9999.00 -9999.00 -9999.00 -9999.00 -9999.00 -9999.00 -9999.00 -9999.00 -9999.00 -9999.00 -9999.00 -9999.00 -9999.00 -9999.00 -9999.00 -9999.00 -9999.00 -9999.00 -9999.00
 -9999.00 -9999.00 -9999.00 -9999.00 -9999.00 -9999.00     4.65     7.45     7.42     7.38 -9999.00 -9999.00 -9999.00 -9999.00 -9999.00 -9999.00 -9999.00 -9999.00 -9999.00 -9999.00 -9999.00 -9999.00 -9999.00 -9999.00 -9999.00 -9999.00 -9999.00 -9999.00 -9999.00 -9999.00 -9999.00 -9999.00 -9999.00 -9999.00 -9999.00
 -9999.00 -9999.00 -9999.00 -9999.00 -9999.00 -9999.00 -9999.00 -9999.00 -9999.00 -9999.00 -9999.00 -9999.00 -9999.00 -9999.00 -9999.00 -9999.00 -9999.00 -9999.00 -9999.00 -9999.00 -9999.00 -9999.00 -9999.00 -9999.00 -9999.00 -9999.00 -9999.00 -9999.00 -9999.00 -9999.00 -9999.00 -9999.00 -9999.00 -9999.00 -9999.00
