139,150,165,177,178,160,126,87,59,45,42,36,24,14,17,40,74
119,126,136,144,145,131,102,70,46,39,40,38,26,13,11,27,55
99,98,97,98,100,98,88,75,66,65,70,68,56,40,34,41,57
84,75,64,56,55,61,68,73,79,87,92,90,79,67,61,63,68
66,53,35,20,13,17,29,44,59,72,79,79,72,65,65,69,72
40,29,12,-6,-17,-19,-12,1,17,34,45,47,44,42,48,58,65
22,15,3,-11,-22,-27,-27,-21,-8,7,20,25,23,22,29,41,51
25,22,14,6,-1,-6,-10,-11,-6,5,15,20,18,16,20,28,35
46,43,36,30,27,25,20,14,10,13,18,21,19,18,19,20,20
64,61,54,48,46,46,41,32,23,19,19,20,21,22,22,19,13
74,72,65,59,58,58,53,42,31,25,23,25,27,30,31,28,19
79,79,74,70,69,68,62,51,39,33,33,36,40,43,44,41,34
87,86,82,79,79,77,71,60,50,45,47,51,54,55,54,52,48
95,92,87,83,82,81,76,68,61,58,59,61,61,60,60,59,58
98,94,89,84,82,81,78,73,70,69,68,66,64,63,63,66,67

1541,1541,1545,1549,1546,1528,1497,1466,1447,1442,1443,1438,1423,1408,1408,1427,1458
1528,1522,1518,1517,1514,1500,1475,1448,1432,1431,1436,1432,1418,1401,1396,1410,1438
1511,1499,1485,1479,1478,1476,1466,1452,1443,1444,1448,1446,1434,1418,1411,1419,1436
1498,1482,1462,1452,1453,1460,1463,1459,1456,1458,1460,1457,1449,1439,1436,1439,1446
1489,1473,1452,1439,1438,1445,1450,1450,1451,1453,1455,1453,1448,1445,1447,1450,1453
1481,1466,1448,1435,1430,1429,1427,1425,1428,1436,1442,1442,1439,1439,1443,1448,1450
1477,1463,1449,1439,1432,1423,1411,1404,1409,1423,1435,1438,1436,1436,1439,1442,1444
1477,1464,1454,1447,1442,1430,1415,1404,1408,1423,1436,1441,1440,1441,1442,1442,1440
1479,1469,1461,1457,1454,1445,1432,1421,1422,1431,1439,1442,1443,1447,1449,1446,1439
1481,1476,1470,1466,1463,1458,1450,1443,1441,1442,1443,1443,1445,1451,1454,1450,1440
1487,1486,1481,1476,1472,1469,1464,1460,1456,1454,1452,1450,1452,1457,1459,1454,1444
1496,1497,1493,1488,1484,1480,1475,1470,1467,1465,1464,1463,1465,1467,1466,1460,1452
1503,1503,1500,1497,1494,1490,1484,1478,1474,1473,1474,1475,1476,1476,1474,1469,1464
1507,1505,1501,1499,1498,1495,1490,1484,1481,1481,1481,1480,1480,1480,1480,1478,1476
1508,1505,1501,1499,1497,1496,1492,1488,1487,1487,1485,1482,1479,1481,1483,1485,1485

3140,3132,3127,3123,3118,3109,3097,3087,3083,3084,3086,3084,3075,3065,3062,3070,3089
3139,3129,3120,3114,3107,3099,3088,3079,3075,3076,3078,3077,3069,3058,3053,3060,3079
3142,3127,3114,3105,3099,3093,3086,3079,3074,3072,3072,3071,3066,3059,3054,3059,3075
3149,3129,3112,3101,3097,3095,3092,3088,3083,3079,3076,3074,3072,3069,3066,3069,3081
3151,3130,3111,3100,3095,3093,3091,3089,3088,3086,3085,3083,3082,3082,3082,3085,3093
3150,3129,3111,3099,3092,3085,3078,3075,3078,3084,3089,3089,3089,3090,3093,3097,3103
3149,3130,3113,3102,3092,3079,3064,3056,3061,3074,3085,3090,3090,3092,3096,3100,3104
3147,3131,3117,3109,3099,3082,3063,3051,3054,3068,3082,3088,3090,3093,3098,3101,3099
3140,3128,3118,3112,3104,3091,3074,3063,3063,3073,3083,3088,3091,3096,3102,3102,3095
3129,3124,3118,3112,3105,3097,3088,3082,3082,3086,3089,3091,3094,3100,3105,3103,3094
3125,3126,3123,3116,3109,3103,3100,3099,3098,3098,3097,3097,3100,3104,3106,3103,3094
3129,3133,3131,3125,3118,3113,3111,3110,3110,3108,3107,3107,3108,3110,3110,3105,3099
3135,3137,3136,3133,3128,3123,3119,3118,3118,3118,3117,3117,3118,3118,3116,3112,3109
3137,3137,3136,3134,3132,3128,3125,3123,3125,3126,3125,3124,3122,3121,3120,3119,3118
3140,3139,3137,3135,3133,3129,3126,3126,3128,3129,3128,3123,3119,3118,3120,3122,3123

5799,5774,5744,5717,5701,5701,5713,5731,5749,5765,5780,5794,5806,5813,5816,5819,5825
5812,5791,5764,5741,5730,5734,5750,5769,5784,5795,5806,5818,5829,5836,5837,5836,5838
5829,5810,5788,5770,5762,5768,5784,5801,5813,5819,5826,5835,5845,5851,5851,5848,5847
5847,5830,5812,5798,5791,5795,5805,5818,5827,5832,5837,5844,5851,5855,5855,5854,5856
5861,5846,5832,5820,5812,5810,5813,5820,5827,5834,5842,5848,5852,5852,5852,5855,5862
5868,5856,5845,5834,5825,5817,5812,5812,5817,5828,5840,5847,5848,5845,5844,5849,5858
5872,5861,5849,5838,5829,5819,5808,5802,5806,5819,5835,5844,5843,5838,5836,5840,5847
5871,5859,5846,5835,5827,5817,5806,5798,5801,5814,5831,5839,5837,5832,5830,5833,5836
5863,5852,5839,5829,5822,5815,5808,5804,5807,5819,5831,5835,5831,5826,5827,5830,5830
5853,5846,5837,5828,5821,5817,5816,5817,5822,5831,5836,5833,5826,5822,5825,5829,5829
5848,5846,5842,5836,5828,5825,5827,5832,5837,5840,5840,5834,5826,5822,5825,5829,5830
5850,5851,5850,5845,5839,5837,5838,5841,5842,5842,5841,5838,5832,5829,5829,5831,5833
5851,5851,5851,5848,5845,5844,5844,5844,5842,5840,5842,5843,5842,5839,5837,5836,5836
5848,5846,5845,5845,5845,5846,5846,5845,5842,5841,5843,5846,5847,5844,5842,5840,5839
5846,5844,5843,5843,5844,5846,5847,5846,5843,5843,5844,5845,5843,5841,5841,5841,5840
